Freq(Hz),S11 Phase(¡),S21 Phase(¡)1000000000,136.18742,-128.030871001000000,136.03513,-128.141541002000000,135.40239,-128.194811003000000,136.1866,-128.406081004000000,135.66302,-128.524831005000000,135.42677,-128.614181006000000,135.93076,-128.499131007000000,135.5954,-128.851391008000000,135.46498,-128.768621009000000,135.00061,-129.056691010000000,135.25722,-128.97431011000000,134.8452,-129.409731012000000,134.52003,-129.56191013000000,134.15886,-129.501371014000000,134.47214,-129.946371015000000,134.20082,-129.774261016000000,134.40961,-129.710221017000000,134.20644,-130.124771018000000,134.07745,-130.189331019000000,134.21152,-130.366231020000000,133.97742,-130.370761021000000,133.6362,-130.572891022000000,133.13536,-130.917831023000000,133.16188,-130.987211024000000,133.19589,-130.832931025000000,133.24611,-131.141981026000000,132.95724,-131.205081027000000,132.91815,-131.484541028000000,132.8483,-131.573841029000000,132.8542,-131.724381030000000,132.88446,-131.816211031000000,132.36655,-132.047991032000000,132.60753,-131.995961033000000,132.51881,-132.092071034000000,132.40981,-132.260641035000000,131.80463,-132.381731036000000,131.89616,-132.608611037000000,131.8345,-132.786961038000000,131.35182,-132.897311039000000,131.53722,-133.016621040000000,131.26288,-133.044111041000000,131.50819,-133.028261042000000,131.60217,-133.268691043000000,131.03679,-133.525991044000000,131.09129,-133.532351045000000,130.64897,-133.635091046000000,130.58679,-133.906541047000000,130.33182,-133.885441048000000,129.81491,-134.337891049000000,130.18535,-134.137471050000000,130.2941,-134.422791051000000,129.90784,-134.655031052000000,130.00769,-134.45281053000000,129.76709,-134.755421054000000,130.22871,-134.781891055000000,129.64058,-134.84451056000000,129.0067,-135.376131057000000,129.19789,-135.386691058000000,129.04268,-135.532961059000000,128.89813,-135.830721060000000,128.75766,-135.54051061000000,128.94167,-135.606451062000000,128.33052,-136.055971063000000,128.1794,-136.004361064000000,128.00859,-136.209441065000000,127.85427,-136.293231066000000,128.02185,-136.436971067000000,128.34921,-136.546191068000000,127.66838,-136.573321069000000,127.283,-136.973421070000000,127.43925,-136.839861071000000,127.17259,-137.030551072000000,127.20924,-137.235021073000000,127.13124,-137.1571074000000,127.13485,-137.416921075000000,126.92307,-137.540241076000000,126.84203,-137.745831077000000,126.62824,-137.778231078000000,126.6472,-137.970721079000000,126.5505,-138.077121080000000,126.45016,-138.376561081000000,125.67739,-138.439241082000000,125.86424,-138.53671083000000,125.61905,-138.758361084000000,125.91953,-138.636721085000000,125.18645,-138.959761086000000,125.24628,-138.914341087000000,125.32389,-139.337171088000000,124.70454,-139.312651089000000,124.98503,-139.509671090000000,125.13501,-139.351841091000000,124.67837,-139.530351092000000,124.55148,-139.779661093000000,124.67968,-139.777861094000000,124.54311,-140.181561095000000,124.06878,-140.271841096000000,124.44633,-140.197721097000000,123.83013,-140.510471098000000,124.22066,-140.560381099000000,123.66324,-140.568011100000000,123.52355,-140.865521101000000,123.46651,-140.966051102000000,123.70573,-140.728091103000000,123.09476,-141.185681104000000,123.04918,-141.439871105000000,122.93981,-141.298161106000000,122.76022,-141.633011107000000,122.68916,-141.736531108000000,122.23901,-141.975771109000000,122.45733,-141.981741110000000,122.01639,-141.970171111000000,122.14584,-142.391921112000000,121.5206,-142.395831113000000,121.55416,-142.544561114000000,121.81824,-142.449781115000000,121.65965,-142.722961116000000,121.37585,-142.979831117000000,121.29028,-142.972661118000000,121.15544,-143.136761119000000,120.90871,-143.296141120000000,120.73158,-143.533461121000000,120.75381,-143.39871122000000,120.61459,-143.639821123000000,120.45376,-143.80361124000000,120.40062,-143.79621125000000,120.41112,-144.254291126000000,120.39678,-143.997191127000000,119.99693,-144.267241128000000,119.68913,-144.261021129000000,119.47501,-144.60261130000000,119.45358,-144.834271131000000,119.64016,-144.820721132000000,119.48875,-144.712461133000000,119.35131,-144.862521134000000,118.97985,-145.162671135000000,119.23701,-145.216541136000000,118.93539,-145.508481137000000,118.46533,-145.676041138000000,118.40696,-145.701641139000000,118.47447,-145.755781140000000,118.40942,-145.767361141000000,118.04037,-146.138151142000000,118.08636,-146.215641143000000,117.66805,-146.466321144000000,117.84331,-146.451751145000000,117.86539,-146.484331146000000,117.38448,-146.726851147000000,117.11787,-147.081451148000000,117.16018,-146.879491149000000,116.96835,-147.183641150000000,116.72784,-147.3691151000000,117.08038,-147.304671152000000,116.5332,-147.598541153000000,116.55893,-147.566181154000000,116.25838,-147.785641155000000,116.2058,-147.959351156000000,116.17979,-148.06571157000000,115.957,-148.246371158000000,115.83799,-148.397541159000000,115.81375,-148.321371160000000,115.52666,-148.629181161000000,115.62257,-148.718051162000000,115.4348,-148.907651163000000,115.06663,-148.892641164000000,115.04717,-149.046941165000000,115.1094,-149.217881166000000,115.04327,-149.285371167000000,114.77461,-149.358611168000000,114.58144,-149.472611169000000,114.30513,-149.818711170000000,114.33263,-149.913151171000000,114.52844,-149.864871172000000,114.20615,-149.976971173000000,114.11565,-150.126131174000000,113.79984,-150.303411175000000,113.5217,-150.537611176000000,113.86121,-150.462921177000000,113.76376,-150.63241178000000,113.68286,-150.681241179000000,113.16983,-151.13261180000000,113.56703,-150.994171181000000,112.89802,-151.311451182000000,112.57293,-151.576951183000000,112.7238,-151.479511184000000,112.56223,-151.732851185000000,112.40073,-151.584611186000000,112.36577,-151.895071187000000,112.5099,-151.929431188000000,112.02333,-152.095991189000000,111.77145,-152.366911190000000,111.54886,-152.651731191000000,111.69804,-152.525021192000000,111.49585,-152.666841193000000,111.54671,-152.683211194000000,111.14407,-153.044071195000000,111.33977,-153.058581196000000,111.11922,-153.126421197000000,110.87637,-153.324391198000000,110.85818,-153.438371199000000,111.0144,-153.546951200000000,110.5774,-153.618671201000000,110.27082,-153.887361202000000,110.20638,-153.918821203000000,110.06055,-154.013531204000000,109.95688,-154.257511205000000,109.74641,-154.418531206000000,109.7417,-154.492131207000000,110.05713,-154.482381208000000,109.59095,-154.457861209000000,109.23995,-154.830081210000000,109.54763,-154.837511211000000,108.93397,-155.221181212000000,108.89127,-155.357731213000000,108.67292,-155.458561214000000,108.63633,-155.494481215000000,108.54883,-155.665451216000000,108.17131,-155.909841217000000,108.40022,-155.923361218000000,108.24081,-155.942551219000000,108.34799,-156.204351220000000,107.68451,-156.219641221000000,107.55413,-156.487981222000000,107.70516,-156.385561223000000,107.91071,-156.489461224000000,107.10397,-156.834791225000000,107.30331,-156.953461226000000,107.25407,-157.079211227000000,106.92041,-157.110551228000000,107.22612,-157.121751229000000,106.64888,-157.442471230000000,106.69105,-157.373951231000000,106.40412,-157.806341232000000,106.06962,-157.991061233000000,106.26158,-158.038091234000000,106.34296,-158.020361235000000,105.87994,-158.20571236000000,105.82218,-158.355641237000000,105.69625,-158.265641238000000,105.66741,-158.683331239000000,105.29436,-158.852871240000000,105.17856,-158.941671241000000,105.3214,-158.943181242000000,104.93655,-159.15341243000000,104.94565,-159.211941244000000,104.92443,-159.284031245000000,104.71604,-159.444171246000000,104.52721,-159.483151247000000,104.24088,-159.641661248000000,104.2217,-159.864521249000000,104.23256,-160.032781250000000,104.39077,-159.938871251000000,104.28419,-160.076421252000000,103.4744,-160.528051253000000,103.56617,-160.619161254000000,103.58179,-160.513121255000000,103.29762,-160.775681256000000,103.29587,-160.83331257000000,103.02212,-161.065871258000000,102.81504,-161.182721259000000,102.86687,-161.349751260000000,102.81145,-161.314511261000000,102.76627,-161.435171262000000,102.45978,-161.714071263000000,102.50996,-161.661421264000000,102.1382,-161.943151265000000,102.08413,-161.983861266000000,102.12527,-162.113771267000000,101.58399,-162.290081268000000,101.6599,-162.464631269000000,101.36594,-162.527281270000000,101.45357,-162.662381271000000,101.31267,-162.822531272000000,101.11754,-163.038881273000000,100.67763,-163.290221274000000,101.11803,-163.231491275000000,100.91808,-163.298231276000000,100.60268,-163.471771277000000,100.50318,-163.461321278000000,100.27732,-163.740391279000000,100.17313,-163.906631280000000,100.27485,-163.786271281000000,99.74118,-164.217861282000000,99.788689,-164.126631283000000,99.514008,-164.474871284000000,99.542572,-164.256651285000000,99.441788,-164.475021286000000,99.046822,-164.921651287000000,99.019463,-165.045121288000000,99.092949,-164.869421289000000,98.973175,-165.190161290000000,98.626099,-165.348721291000000,98.415184,-165.353621292000000,98.202431,-165.614911293000000,98.263176,-165.640121294000000,98.150749,-165.847781295000000,98.01371,-165.970051296000000,97.91555,-165.89671297000000,97.553772,-166.18251298000000,97.521126,-166.423831299000000,97.434288,-166.41931300000000,97.496933,-166.416371301000000,97.034431,-166.657091302000000,96.831978,-166.794831303000000,97.164818,-166.897951304000000,96.669853,-167.095151305000000,96.446106,-167.388431306000000,96.536758,-167.23431307000000,96.503906,-167.43771308000000,96.278313,-167.590941309000000,96.020454,-167.700841310000000,95.634544,-167.870321311000000,95.718689,-167.988131312000000,95.735046,-168.138231313000000,95.684883,-167.995861314000000,95.63266,-168.252521315000000,95.420486,-168.455721316000000,95.162895,-168.707351317000000,94.911377,-168.660921318000000,94.691063,-168.949911319000000,94.409119,-169.151291320000000,94.305771,-169.346861321000000,94.709053,-169.132161322000000,94.38018,-169.475781323000000,94.080917,-169.590731324000000,93.754662,-169.976361325000000,93.907539,-169.750441326000000,93.696312,-169.877431327000000,93.555466,-170.085881328000000,93.720116,-170.181241329000000,93.291664,-170.20521330000000,93.217041,-170.49661331000000,93.035309,-170.576021332000000,92.871269,-170.79051333000000,92.875443,-170.83271334000000,92.705467,-170.98231335000000,92.650543,-171.097351336000000,92.575882,-171.088461337000000,92.542831,-171.261461338000000,91.947357,-171.4591339000000,92.325806,-171.488271340000000,91.71611,-171.751751341000000,91.915619,-171.694341342000000,91.635635,-171.877431343000000,91.629242,-172.151631344000000,91.575531,-172.349691345000000,91.402168,-172.329411346000000,91.196487,-172.364181347000000,91.049538,-172.599331348000000,91.167709,-172.625531349000000,90.837379,-172.747961350000000,90.692627,-172.98361351000000,90.478577,-173.168471352000000,90.219994,-173.379211353000000,90.278328,-173.356411354000000,90.07341,-173.563161355000000,89.969856,-173.697421356000000,89.873039,-173.811891357000000,89.967522,-173.761571358000000,89.670471,-174.003161359000000,89.498924,-174.244751360000000,89.255066,-174.309131361000000,89.103622,-174.400411362000000,89.215858,-174.516911363000000,88.745506,-174.869311364000000,88.853668,-174.869491365000000,89.010231,-174.883761366000000,88.530807,-175.11021367000000,88.411377,-175.258291368000000,88.48555,-175.233721369000000,88.311302,-175.387571370000000,88.1875,-175.498581371000000,87.788658,-175.65661372000000,87.898033,-175.746141373000000,87.791122,-175.956861374000000,87.470383,-176.147081375000000,87.36821,-176.19981376000000,87.257568,-176.200041377000000,87.312897,-176.403411378000000,87.106712,-176.643591379000000,86.730499,-176.834661380000000,86.799889,-176.936631381000000,86.46624,-177.116871382000000,86.620354,-177.107241383000000,86.389084,-177.282321384000000,86.38913,-177.219221385000000,86.065315,-177.552721386000000,86.0196,-177.660521387000000,85.712173,-177.664831388000000,85.455826,-177.988021389000000,85.585754,-178.025711390000000,85.511391,-178.097761391000000,85.329216,-178.309681392000000,85.25071,-178.361821393000000,84.946678,-178.580811394000000,85.00589,-178.533861395000000,84.764534,-178.730061396000000,84.582306,-178.964291397000000,84.547203,-179.048321398000000,84.610031,-179.021161399000000,84.173378,-179.358471400000000,83.966599,-179.465071401000000,83.993912,-179.592041402000000,83.990387,-179.770661403000000,83.753281,-179.790991404000000,83.748611,-179.921781405000000,83.609909,179.91671406000000,83.208656,179.678821407000000,83.342957,179.788211408000000,82.885612,179.592151409000000,82.78051,179.272991410000000,82.930588,179.431181411000000,82.514267,179.023641412000000,82.46962,178.950091413000000,82.288521,178.825961414000000,82.356094,178.768741415000000,81.975525,178.459761416000000,82.178864,178.569731417000000,81.879471,178.258121418000000,81.800354,178.340151419000000,81.621857,178.055821420000000,81.45063,177.915891421000000,81.361603,177.705341422000000,80.955322,177.493351423000000,81.088554,177.535931424000000,80.646698,177.326131425000000,80.993866,177.491231426000000,80.64019,177.098881427000000,80.526711,177.045441428000000,80.428833,177.101321429000000,80.276421,176.871311430000000,80.04129,176.683441431000000,80.011726,176.392211432000000,79.929451,176.48951433000000,79.592232,176.262681434000000,79.591095,176.152331435000000,79.42141,176.012991436000000,79.17662,175.724561437000000,79.079376,175.671281438000000,79.258057,175.723631439000000,78.990883,175.538831440000000,78.862869,175.249011441000000,78.649979,175.105941442000000,78.653923,175.103991443000000,78.360878,175.059071444000000,78.276779,174.878621445000000,78.077782,174.68951446000000,77.843124,174.447721447000000,78.099709,174.513731448000000,77.86158,174.26171449000000,77.619522,174.224671450000000,77.497589,174.110051451000000,77.4832,173.928221452000000,77.194809,173.7411453000000,77.163902,173.708471454000000,76.922958,173.593311455000000,76.809532,173.414321456000000,76.700714,173.344591457000000,76.620071,173.22941458000000,76.596619,172.998981459000000,76.269173,172.834631460000000,75.963333,172.639341461000000,76.081772,172.599841462000000,75.938957,172.536731463000000,75.77066,172.471161464000000,75.550194,172.12461465000000,75.534904,172.05181466000000,75.466202,172.003651467000000,75.204292,171.690321468000000,74.831223,171.707381469000000,75.028931,171.572661470000000,74.96431,171.491781471000000,74.678642,171.273861472000000,74.691818,171.215091473000000,74.567612,171.069121474000000,74.237083,171.089391475000000,74.256081,170.748861476000000,73.951607,170.727681477000000,73.88958,170.650341478000000,73.775002,170.521641479000000,73.527687,170.24391480000000,73.599525,170.247471481000000,73.327461,170.014241482000000,73.344894,169.926911483000000,73.178268,169.721631484000000,72.910454,169.654331485000000,72.779404,169.499541486000000,72.834465,169.514481487000000,72.636414,169.334371488000000,72.541618,169.101651489000000,72.211121,169.030321490000000,72.32869,168.919271491000000,71.958305,168.637411492000000,71.843864,168.642621493000000,71.734795,168.523091494000000,71.45546,168.308141495000000,71.569016,168.132321496000000,71.49704,168.099171497000000,71.324623,167.902951498000000,71.317764,167.999251499000000,71.032692,167.817381500000000,70.899574,167.521851501000000,70.688187,167.385931502000000,70.537048,167.223571503000000,70.612083,167.173931504000000,70.201904,167.010351505000000,70.227745,166.929981506000000,70.112221,166.866231507000000,70.212311,166.624911508000000,69.983307,166.609941509000000,69.726234,166.514391510000000,69.424049,166.246551511000000,69.462486,166.195631512000000,69.374916,165.963411513000000,69.271721,165.898911514000000,69.190392,165.833481515000000,68.876907,165.526861516000000,68.629036,165.347691517000000,68.574257,165.427841518000000,68.438049,165.154281519000000,68.272461,164.888851520000000,68.160278,164.876371521000000,67.985657,164.704181522000000,67.866867,164.580581523000000,67.790085,164.443791524000000,67.69207,164.341421525000000,67.51786,164.20661526000000,67.467697,164.263721527000000,67.276505,163.976591528000000,67.16169,163.941761529000000,67.034073,163.663991530000000,66.789627,163.755291531000000,66.73278,163.581861532000000,66.740585,163.623411533000000,66.377739,163.283811534000000,66.415306,163.168691535000000,66.214348,163.008221536000000,66.06781,162.66551537000000,65.907166,162.735641538000000,65.769272,162.529431539000000,65.362701,162.337451540000000,65.633896,162.399841541000000,65.231125,162.035521542000000,65.19062,161.984921543000000,64.913445,161.773281544000000,64.856346,161.863161545000000,64.841263,161.540361546000000,64.466423,161.504731547000000,64.538727,161.270311548000000,64.380844,161.358091549000000,64.47422,161.33081550000000,64.219788,161.056581551000000,64.042763,160.80911552000000,64.111465,160.788971553000000,63.667896,160.403371554000000,63.78463,160.614381555000000,63.498371,160.301481556000000,63.180481,160.091141557000000,63.246296,160.055651558000000,63.153412,159.946791559000000,62.835308,159.602081560000000,62.898071,159.627081561000000,62.82029,159.59991562000000,62.764439,159.533581563000000,62.737644,159.491461564000000,62.488274,159.107571565000000,62.150684,159.027691566000000,62.187317,158.902281567000000,61.921947,158.719651568000000,61.789635,158.591921569000000,61.928028,158.613021570000000,61.480595,158.315511571000000,61.629536,158.329321572000000,61.175934,158.032171573000000,61.277683,158.119031574000000,60.923862,157.844421575000000,60.883633,157.748291576000000,60.916176,157.774111577000000,60.721504,157.487881578000000,60.620724,157.317321579000000,60.399445,157.13861580000000,60.162132,157.066151581000000,60.268524,157.090041582000000,59.959793,156.824421583000000,59.694851,156.612461584000000,59.966793,156.680041585000000,59.616482,156.300921586000000,59.47229,156.430241587000000,59.278576,156.127011588000000,59.311142,156.094681589000000,59.08062,155.857281590000000,58.854202,155.890691591000000,58.671741,155.643781592000000,58.861603,155.562181593000000,58.672249,155.415421594000000,58.206627,155.069231595000000,58.259815,155.150831596000000,58.131386,154.947971597000000,57.929279,154.733111598000000,57.760921,154.756531599000000,57.780674,154.614011600000000,57.833233,154.560881601000000,57.37204,154.185651602000000,57.500858,154.162171603000000,57.332355,154.094391604000000,57.287823,154.050321605000000,56.938225,153.843351606000000,56.584969,153.64021607000000,56.673534,153.485151608000000,56.502728,153.353531609000000,56.276424,153.27311610000000,56.368698,153.214251611000000,55.973827,152.834691612000000,56.083164,152.999621613000000,55.868084,152.607381614000000,55.521751,152.451971615000000,55.509598,152.488511616000000,55.46349,152.281621617000000,55.258522,152.245641618000000,55.068611,151.997571619000000,54.987129,151.971051620000000,55.081944,151.916531621000000,54.871677,151.766651622000000,54.641876,151.422151623000000,54.7299,151.598571624000000,54.171391,151.098741625000000,54.254848,150.903291626000000,54.030701,151.047151627000000,54.03447,150.852161628000000,53.687466,150.536351629000000,53.624668,150.630331630000000,53.716568,150.512711631000000,53.263313,150.266011632000000,53.006676,150.163971633000000,53.353279,150.248811634000000,52.920692,149.935461635000000,52.839687,149.767491636000000,52.626167,149.671431637000000,52.60508,149.655291638000000,52.47945,149.522711639000000,52.265541,149.198591640000000,52.128376,149.133061641000000,52.22044,149.140881642000000,52.05476,149.088211643000000,52.047817,148.940441644000000,51.660507,148.53251645000000,51.480576,148.442231646000000,51.487579,148.36961647000000,51.190296,148.347891648000000,51.068352,148.074391649000000,51.02235,147.913221650000000,50.7924,147.795971651000000,50.659454,147.644041652000000,50.604019,147.599881653000000,50.276287,147.301321654000000,50.184952,147.276341655000000,50.284508,147.228011656000000,49.968212,146.989841657000000,49.871769,146.78311658000000,49.662804,146.747361659000000,49.705879,146.557191660000000,49.401367,146.615981661000000,49.214756,146.310621662000000,49.207939,146.09121663000000,49.180462,146.257021664000000,48.982742,145.925871665000000,48.637398,145.601671666000000,48.804932,145.823351667000000,48.485477,145.54231668000000,48.575165,145.522861669000000,48.372726,145.179111670000000,48.0443,145.269941671000000,48.008152,145.04731672000000,47.982555,144.927871673000000,47.714153,144.900621674000000,47.427334,144.540361675000000,47.194691,144.466871676000000,47.32877,144.526111677000000,47.104866,144.260361678000000,47.022026,144.104111679000000,46.78392,143.935421680000000,46.622509,143.64141681000000,46.629173,143.82521682000000,46.451168,143.544491683000000,46.270847,143.418581684000000,46.228748,143.338841685000000,46.098747,143.213781686000000,45.817799,143.051361687000000,45.866886,142.901351688000000,45.665283,142.791721689000000,45.525959,142.667131690000000,45.355904,142.490221691000000,45.147511,142.335781692000000,45.221848,142.387081693000000,45.012951,142.171651694000000,44.584923,141.904831695000000,44.798687,141.894441696000000,44.490326,141.709121697000000,44.319221,141.476611698000000,44.00563,141.328461699000000,43.901695,141.116881700000000,44.072975,141.227891701000000,43.867306,141.088041702000000,43.816998,141.016751703000000,43.375736,140.765671704000000,43.33437,140.592011705000000,43.250446,140.609951706000000,43.253788,140.381991707000000,42.689125,140.11761708000000,42.982666,140.156891709000000,42.794132,140.125271710000000,42.669426,139.872341711000000,42.446358,139.782491712000000,42.418274,139.418991713000000,42.077423,139.49121714000000,42.167019,139.226261715000000,41.863811,139.215061716000000,41.714348,139.111361717000000,41.717186,138.853491718000000,41.671864,138.977831719000000,41.28857,138.69851720000000,41.217648,138.510941721000000,41.057911,138.397281722000000,40.904083,138.207761723000000,40.752819,138.121381724000000,40.730083,137.931321725000000,40.657631,137.883011726000000,40.497726,137.737411727000000,40.437454,137.593841728000000,40.298443,137.474931729000000,40.197121,137.387511730000000,39.945286,137.121781731000000,39.879929,137.173311732000000,39.606831,137.010821733000000,39.565655,136.828721734000000,39.380852,136.642261735000000,39.416893,136.694351736000000,39.072819,136.322661737000000,38.68132,136.019231738000000,38.59927,135.999561739000000,38.633636,136.052871740000000,38.468239,135.80641741000000,38.194199,135.573811742000000,38.166492,135.612441743000000,38.10651,135.477941744000000,37.962021,135.154651745000000,37.903431,135.181641746000000,37.687408,134.939561747000000,37.68819,135.031361748000000,37.650501,134.87181749000000,37.32037,134.503951750000000,37.197708,134.644011751000000,37.028015,134.421081752000000,36.879292,134.140961753000000,36.893871,134.142381754000000,36.750969,133.990621755000000,36.526615,133.935791756000000,36.384705,133.740071757000000,36.298679,133.552641758000000,36.065144,133.368711759000000,36.101925,133.349431760000000,35.924915,133.148961761000000,35.629162,132.990651762000000,35.50737,132.940461763000000,35.23703,132.655291764000000,35.122704,132.408981765000000,35.19458,132.431931766000000,35.050797,132.436511767000000,34.979225,132.448441768000000,34.897022,132.119831769000000,34.720169,131.920731770000000,34.624546,131.945861771000000,34.348835,131.596541772000000,34.298088,131.617111773000000,34.14114,131.503461774000000,33.984295,131.103581775000000,33.824894,131.121721776000000,33.887405,131.141777000000,33.4902,131.028731778000000,33.369228,130.725271779000000,33.440372,130.764661780000000,33.269688,130.400091781000000,33.121777,130.296891782000000,32.877918,130.348621783000000,32.810909,130.000841784000000,32.652382,129.863081785000000,32.351665,129.714251786000000,32.486874,129.644671787000000,32.125801,129.558121788000000,32.154079,129.581541789000000,31.89234,129.263841790000000,31.747381,129.162831791000000,31.712753,129.095211792000000,31.464502,128.885911793000000,31.428471,128.71261794000000,31.174971,128.548161795000000,31.048262,128.521031796000000,31.053448,128.46891797000000,30.797319,128.255621798000000,30.836763,128.205431799000000,30.645761,128.082431800000000,30.42378,127.742491801000000,30.64432,127.922231802000000,29.994507,127.357741803000000,29.960321,127.429441804000000,29.979006,127.2821805000000,29.775948,127.123051806000000,29.593027,127.124311807000000,29.416416,126.796511808000000,29.077648,126.55371809000000,29.203775,126.745391810000000,29.071909,126.403471811000000,28.858595,126.303161812000000,28.717466,126.281461813000000,28.754591,126.025561814000000,28.382986,126.016461815000000,28.316866,125.732391816000000,28.157675,125.763511817000000,28.105495,125.466381818000000,27.838354,125.261451819000000,27.770126,125.2371820000000,27.563908,125.023311821000000,27.556717,125.042971822000000,27.120943,124.677661823000000,27.126675,124.690131824000000,26.987604,124.568231825000000,26.964813,124.201481826000000,26.731255,124.252671827000000,26.907137,124.1991828000000,26.534367,123.993561829000000,26.253433,123.820821830000000,26.281013,123.71181831000000,26.062222,123.714161832000000,25.884083,123.280611833000000,26.027851,123.510781834000000,25.817013,123.253891835000000,25.599583,123.02071836000000,25.267557,122.852361837000000,25.164095,122.93211838000000,25.206789,122.701741839000000,25.023968,122.547261840000000,24.89423,122.208751841000000,24.617809,122.26191842000000,24.578432,121.924791843000000,24.511686,121.958441844000000,24.607536,122.026081845000000,24.329794,121.843031846000000,23.964178,121.437381847000000,23.883085,121.242251848000000,23.658283,121.195781849000000,23.71748,121.240331850000000,23.607637,121.18521851000000,23.186127,120.74711852000000,23.156031,120.68351853000000,23.0151,120.413511854000000,22.988277,120.512421855000000,22.678556,120.125611856000000,22.648287,120.264341857000000,22.486801,120.07931858000000,22.550411,120.070621859000000,22.253748,119.756491860000000,22.337889,119.753671861000000,22.063164,119.607191862000000,21.853628,119.428211863000000,21.552971,119.219571864000000,21.519836,119.083421865000000,21.220295,118.803821866000000,21.188284,118.926081867000000,21.207809,118.624721868000000,20.91814,118.545451869000000,20.863737,118.423241870000000,20.839354,118.222871871000000,20.472864,118.133861872000000,20.295881,117.914631873000000,20.199068,117.806471874000000,20.072208,117.674151875000000,20.064936,117.691021876000000,19.864498,117.480951877000000,19.709965,117.348211878000000,19.562731,117.095921879000000,19.396757,117.1351880000000,19.286047,116.763921881000000,19.327433,116.837911882000000,19.048132,116.631321883000000,19.0639,116.452051884000000,18.682772,116.538761885000000,18.647657,116.163121886000000,18.705074,116.200071887000000,18.487537,116.164861888000000,18.237621,115.828681889000000,18.252562,115.660031890000000,18.016552,115.500711891000000,17.682976,115.346461892000000,17.530657,115.129531893000000,17.412615,115.122671894000000,17.371382,115.092361895000000,17.245117,114.877471896000000,17.298571,114.734541897000000,16.903622,114.702161898000000,16.850182,114.508541899000000,16.643074,114.086751900000000,16.449373,114.13611901000000,16.493053,114.265311902000000,16.101936,113.807751903000000,16.330202,113.855771904000000,16.093685,113.675961905000000,15.816029,113.494571906000000,15.504455,113.258821907000000,15.555285,113.053441908000000,15.454638,113.146071909000000,15.249703,112.764731910000000,15.252533,112.698841911000000,14.899658,112.539541912000000,15.004045,112.659321913000000,14.753495,112.420931914000000,14.813468,112.310971915000000,14.436089,112.048621916000000,14.336953,111.922071917000000,14.429101,111.868641918000000,14.037966,111.600521919000000,13.952745,111.51951920000000,13.725578,111.381031921000000,13.702165,111.294151922000000,13.739261,111.213071923000000,13.395487,111.085521924000000,13.326519,110.815431925000000,13.1339,110.773831926000000,13.040348,110.664951927000000,12.655974,110.463331928000000,12.691522,110.345921929000000,12.283955,110.04031930000000,12.425328,110.019591931000000,12.067128,109.854131932000000,12.355725,109.822551933000000,11.958404,109.566121934000000,11.913213,109.619941935000000,11.504529,109.477261936000000,11.466106,109.233551937000000,11.524889,109.142531938000000,11.424959,108.986431939000000,11.074485,108.872281940000000,11.165264,108.793841941000000,10.965067,108.634681942000000,10.391236,108.356071943000000,10.734785,108.280531944000000,10.273573,108.028291945000000,10.271975,107.951841946000000,10.305181,107.890571947000000,10.290862,107.64591948000000,9.9541616,107.614591949000000,9.6545553,107.461271950000000,9.3248892,107.280311951000000,9.6213465,107.141631952000000,9.4300041,106.980451953000000,9.2419529,106.846921954000000,9.1016531,106.797991955000000,8.8446932,106.501571956000000,8.5748053,106.354281957000000,8.5217009,106.199331958000000,8.6238432,106.088291959000000,8.1495018,105.908811960000000,8.0241566,106.030391961000000,8.2455587,105.963771962000000,7.7239623,105.719091963000000,7.6820726,105.502781964000000,7.5123878,105.4481965000000,7.782474,105.459891966000000,7.4459677,105.086851967000000,7.2048774,104.832861968000000,7.0752683,104.942151969000000,6.9279075,104.406721970000000,6.509346,104.613391971000000,6.7175379,104.560011972000000,6.529954,104.236211973000000,6.5717759,104.220451974000000,6.0664744,103.759671975000000,6.1380644,103.678671976000000,5.8518219,103.723571977000000,5.750576,103.470181978000000,5.7684083,103.326921979000000,5.7810664,103.312441980000000,5.522049,103.220211981000000,5.2724061,103.105311982000000,5.3354511,103.037241983000000,4.7764492,102.6741984000000,4.8781905,102.572561985000000,5.0836172,102.479421986000000,4.5369744,102.287051987000000,4.331799,102.055051988000000,4.3688169,101.872461989000000,3.9667516,101.921361990000000,3.9932773,101.640771991000000,4.2210455,101.668521992000000,3.8763416,101.364961993000000,3.7223008,101.531321994000000,3.7027962,101.155751995000000,3.1896615,101.259451996000000,3.3393099,100.998471997000000,3.1594152,100.572331998000000,2.9718914,100.539311999000000,2.8531456,100.49862000000000,2.6795251,100.362552001000000,2.456851,100.319812002000000,2.3139641,100.207122003000000,2.097297,99.8097152004000000,2.0022917,99.9381262005000000,2.063998,99.731722006000000,1.6619737,99.3726042007000000,1.6076543,99.3630072008000000,1.8614901,99.4028632009000000,1.4595135,99.0250472010000000,1.1865541,98.8491822011000000,1.2847071,98.8209532012000000,1.1004609,98.9682462013000000,0.95846272,98.4366382014000000,0.81940651,98.6473852015000000,0.35612011,98.3321382016000000,0.42543629,98.1654822017000000,0.46809113,98.1232832018000000,0.27472106,98.0193252019000000,-0.002179567,97.8056112020000000,-0.023410918,97.6210942021000000,-0.11957307,97.5120392022000000,-0.36021701,97.2202682023000000,-0.66964734,96.855852024000000,-0.7097978,96.9985432025000000,-0.71629167,96.9478912026000000,-0.79368514,96.7146382027000000,-1.2208496,96.5940022028000000,-1.2830721,96.4953462029000000,-0.95726907,96.3237692030000000,-1.2967931,96.1121522031000000,-1.7386779,95.878672032000000,-1.802196,95.9884112033000000,-1.9838016,95.783632034000000,-2.1328456,95.6594012035000000,-2.0780208,95.3953862036000000,-2.6975708,95.2378082037000000,-2.7690256,95.1019132038000000,-2.6154013,95.0420462039000000,-2.8409264,95.0345312040000000,-2.8689387,94.6868522041000000,-3.0033333,94.7170182042000000,-3.0095379,94.6452482043000000,-3.4302359,94.3878562044000000,-3.6057308,94.2758872045000000,-3.7358599,94.0942612046000000,-3.844646,93.8785712047000000,-3.9841971,93.7699432048000000,-3.8275843,93.9096072049000000,-4.2059789,93.5439682050000000,-4.5084066,93.2372132051000000,-4.7408686,93.2363132052000000,-4.8851428,93.0183872053000000,-4.7269115,93.0135352054000000,-5.1683598,92.7421342055000000,-5.0344434,92.8047942056000000,-5.3428717,92.5959552057000000,-5.3024235,92.4548112058000000,-5.5469928,92.3330992059000000,-5.8849998,92.0255582060000000,-5.8660269,91.9477922061000000,-5.9688334,91.9166952062000000,-6.3843598,91.4692542063000000,-6.429461,91.4991762064000000,-6.4627976,91.3856742065000000,-6.5761461,91.1767732066000000,-6.7433052,91.2629092067000000,-6.9108648,91.0496292068000000,-6.8137035,90.8974912069000000,-7.4966297,90.4622422070000000,-7.3220439,90.5301132071000000,-7.5689845,90.1670762072000000,-7.735642,89.9931792073000000,-7.5987024,90.0056082074000000,-8.1187067,89.8887022075000000,-7.7969036,89.7706382076000000,-8.252306,89.5035172077000000,-8.4070082,89.6737822078000000,-8.5470905,89.1884082079000000,-8.6833258,89.3051152080000000,-9.0000725,88.9922262081000000,-9.2147608,88.9512862082000000,-9.005538,88.732882083000000,-9.2362976,88.6639332084000000,-9.3864317,88.3048782085000000,-9.8171358,88.3890992086000000,-9.5322342,88.2200622087000000,-9.7727251,88.0053412088000000,-9.9971676,87.8535542089000000,-10.137672,87.8628462090000000,-10.24236,87.5150382091000000,-10.248359,87.4924322092000000,-10.289485,87.6190342093000000,-11.007611,87.2063832094000000,-10.448465,87.2906422095000000,-11.205258,86.8955612096000000,-11.394938,86.5977482097000000,-11.187399,86.8166582098000000,-10.99976,86.6508332099000000,-11.6819,86.2368552100000000,-11.650629,86.3540652101000000,-12.033112,85.955622102000000,-11.829608,86.0364692103000000,-12.05184,85.9670032104000000,-12.021239,85.8255392105000000,-12.615068,85.4907232106000000,-12.445888,85.4433982107000000,-12.679251,85.3838732108000000,-12.563988,85.4422762109000000,-12.999416,84.719492110000000,-13.075555,84.9711842111000000,-13.10421,84.8780672112000000,-13.439245,84.4583362113000000,-13.398782,84.4103322114000000,-13.758624,84.0400922115000000,-13.777708,84.1331412116000000,-13.883851,84.0485382117000000,-14.01274,83.8971022118000000,-14.322083,83.794352119000000,-14.229837,83.6433112120000000,-14.557137,83.458162121000000,-14.646313,83.2727282122000000,-14.809649,83.1847762123000000,-14.939918,82.8659522124000000,-15.19818,82.8213352125000000,-15.304069,82.8857652126000000,-15.220337,82.6529242127000000,-15.553714,82.5849532128000000,-15.670722,82.4495472129000000,-15.825589,82.1737522130000000,-16.056812,82.0921332131000000,-16.203568,81.928782132000000,-16.47584,81.651812133000000,-16.630901,81.4376532134000000,-16.578281,81.4040912135000000,-16.62472,81.2236712136000000,-16.887627,81.0622792137000000,-17.175074,80.8797152138000000,-17.262217,80.8328862139000000,-16.809179,80.8804932140000000,-17.347324,80.4360812141000000,-17.575855,80.2549592142000000,-17.724939,80.1575322143000000,-17.62569,80.1512072144000000,-17.902538,79.9923712145000000,-17.996004,79.8274152146000000,-18.150782,79.7042082147000000,-18.4163,79.5936132148000000,-18.67993,79.2950972149000000,-18.942329,79.1631472150000000,-18.901562,79.105562151000000,-18.809879,79.1542512152000000,-19.016397,78.95992153000000,-19.423616,78.7062532154000000,-19.421124,78.462862155000000,-19.608555,78.2346952156000000,-19.524937,78.3588262157000000,-19.704882,78.18192158000000,-19.88014,77.8407972159000000,-20.115963,77.6962662160000000,-20.071676,77.8238072161000000,-20.218357,77.591272162000000,-20.518881,77.4583132163000000,-20.77442,77.3899542164000000,-20.598122,77.0869832165000000,-21.105663,77.0274662166000000,-20.984138,77.0810322167000000,-21.161839,76.8396612168000000,-21.113123,76.6823352169000000,-21.597027,76.2734152170000000,-21.516289,76.3098142171000000,-21.692476,76.2713012172000000,-21.750971,76.2287292173000000,-22.239229,75.8661732174000000,-22.258368,75.6453862175000000,-22.657001,75.3747942176000000,-22.595842,75.399332177000000,-22.730726,75.4094622178000000,-22.856642,75.0410692179000000,-23.038624,74.9548342180000000,-22.648552,75.0455022181000000,-22.968058,74.8320012182000000,-23.339405,74.5180362183000000,-23.339714,74.3190082184000000,-23.562868,74.3694532185000000,-23.936983,74.2023622186000000,-24.016912,73.8813022187000000,-24.02631,73.7328262188000000,-24.261881,73.7162022189000000,-24.196508,73.7928312190000000,-24.727829,73.4583892191000000,-25.150517,73.1257322192000000,-24.735289,73.2784962193000000,-24.845497,72.8194812194000000,-25.2799,72.8076932195000000,-25.167933,72.6994932196000000,-25.434349,72.4179612197000000,-25.560835,72.4015352198000000,-25.879007,72.1801762199000000,-25.975182,71.9972992200000000,-26.095572,71.7490622201000000,-26.277655,71.7413412202000000,-26.230661,71.7399672203000000,-26.419426,71.552622204000000,-26.452187,71.4249422205000000,-26.694208,71.2504582206000000,-27.127829,71.0700682207000000,-26.771589,70.9240882208000000,-27.243654,70.9603272209000000,-27.259073,70.6768342210000000,-27.245861,70.569162211000000,-27.608778,70.568682212000000,-27.854057,70.0858462213000000,-27.706951,70.0897522214000000,-27.995205,69.91612215000000,-28.36219,69.8585592216000000,-28.252268,69.8013082217000000,-28.488453,69.4303822218000000,-28.81439,69.2830052219000000,-28.695988,69.3854982220000000,-29.038048,69.0878912221000000,-28.995106,69.0990222222000000,-29.086224,68.9491882223000000,-29.469538,68.6291432224000000,-29.398901,68.7013782225000000,-29.246628,68.4843142226000000,-29.612251,68.2563252227000000,-29.872648,68.2914052228000000,-30.146597,67.7875292229000000,-30.303343,67.7191242230000000,-30.537907,67.4879762231000000,-30.561413,67.5530242232000000,-30.325531,67.3285062233000000,-31.024061,66.9717942234000000,-30.669247,67.196962235000000,-31.294811,66.8265912236000000,-31.101482,66.9014892237000000,-31.461391,66.4515382238000000,-31.710546,66.4656982239000000,-31.71347,66.4566272240000000,-31.91865,66.2570952241000000,-31.789822,66.1490252242000000,-32.422142,65.8817442243000000,-32.234161,65.7077562244000000,-32.539303,65.5720672245000000,-32.595142,65.2814482246000000,-32.734547,65.4107972247000000,-32.995628,65.1924062248000000,-33.204185,64.8161162249000000,-33.039997,64.9964372250000000,-33.402622,64.6506882251000000,-33.423,64.4340822252000000,-33.598297,64.5915912253000000,-34.165577,63.9488412254000000,-33.620518,64.3295062255000000,-34.018169,63.8493542256000000,-34.472092,63.7887572257000000,-34.517239,63.7255212258000000,-34.447968,63.4936872259000000,-34.820072,63.3721962260000000,-34.692097,63.3796622261000000,-34.654861,63.2679332262000000,-35.003304,62.9163442263000000,-35.576038,62.7414472264000000,-34.954773,62.7014312265000000,-35.515266,62.5488512266000000,-35.576508,62.4726832267000000,-35.878323,62.4621352268000000,-35.997379,62.0373652269000000,-36.11068,61.8767052270000000,-36.140568,61.6078222271000000,-35.970417,61.76872272000000,-36.51577,61.6327322273000000,-36.833267,61.2298932274000000,-36.752739,61.2999652275000000,-36.907532,61.0744672276000000,-37.077625,61.0605472277000000,-37.48996,60.5950472278000000,-37.676598,60.4455342279000000,-37.503868,60.5109482280000000,-37.669312,60.1569672281000000,-37.510551,60.2957152282000000,-38.033466,60.0140572283000000,-38.092854,59.9604842284000000,-38.208935,59.7697642285000000,-38.340942,59.5853162286000000,-38.559433,59.3683822287000000,-38.660839,59.3467032288000000,-38.628117,59.3198852289000000,-38.883389,58.9630362290000000,-38.797371,59.0018312291000000,-39.14183,58.6849862292000000,-39.34016,58.4853672293000000,-39.479847,58.3535162294000000,-39.830238,58.3105132295000000,-39.407959,58.2498052296000000,-40.127979,57.8399622297000000,-40.506279,57.7613952298000000,-40.321125,57.5722242299000000,-40.352215,57.6343732300000000,-40.64576,57.4510122301000000,-40.822906,57.0916062302000000,-40.962826,57.0359882303000000,-41.216167,57.0019112304000000,-41.223614,56.7953452305000000,-41.498409,56.649592306000000,-41.254452,56.5324552307000000,-41.539234,56.2823562308000000,-41.809528,56.1646962309000000,-41.970924,55.992582310000000,-41.869946,56.2502752311000000,-42.577927,55.6564182312000000,-42.523079,55.3951382313000000,-42.572472,55.3945772314000000,-42.692646,55.3774832315000000,-42.716854,55.212092316000000,-43.128765,55.142462317000000,-43.182407,54.7034652318000000,-42.916908,54.674212319000000,-43.378956,54.4211432320000000,-43.47126,54.3691792321000000,-43.619598,54.1627582322000000,-43.781425,54.0897672323000000,-43.784397,53.8787272324000000,-44.265884,53.744082325000000,-44.156998,53.7998122326000000,-44.372616,53.6612282327000000,-44.469395,53.3158762328000000,-44.965405,53.0469512329000000,-44.476391,53.182562330000000,-44.841278,52.8110622331000000,-44.953552,52.9398842332000000,-45.133469,52.6345292333000000,-44.983929,52.5411382334000000,-45.502193,52.4071732335000000,-45.323761,52.2273712336000000,-45.575989,52.1726652337000000,-46.184612,51.8835982338000000,-46.383953,51.5493512339000000,-46.332012,51.6004832340000000,-46.157768,51.5553892341000000,-46.822746,51.1351892342000000,-46.213428,51.2893142343000000,-47.023418,50.978972344000000,-46.678619,50.9005362345000000,-47.13744,50.9035152346000000,-47.198441,50.7305872347000000,-47.347401,50.361342348000000,-47.625477,50.1918562349000000,-47.950176,49.9889722350000000,-48.028812,50.0197942351000000,-47.952679,49.6863672352000000,-48.431644,49.632292353000000,-48.082245,49.5610812354000000,-48.168362,49.4465412355000000,-48.451778,49.2959212356000000,-48.397659,49.2473642357000000,-48.927475,48.9447782358000000,-49.261204,48.6020162359000000,-49.399403,48.5953142360000000,-49.178829,48.6007042361000000,-49.337971,48.4520382362000000,-49.875904,48.1648642363000000,-49.670021,48.1351892364000000,-49.742176,47.8270192365000000,-50.01955,47.5896422366000000,-50.482296,47.4765472367000000,-50.472271,47.4351272368000000,-50.598713,47.278582369000000,-50.76128,46.9426572370000000,-50.556618,46.9197582371000000,-50.879467,46.7609632372000000,-51.02879,46.5891232373000000,-51.060478,46.4657632374000000,-51.293552,46.5508042375000000,-51.720818,46.2296712376000000,-51.402649,46.3051832377000000,-51.766624,45.9256822378000000,-51.988464,45.7527582379000000,-52.143127,45.5782322380000000,-52.180489,45.3104252381000000,-52.473949,45.3294222382000000,-52.449932,45.1804432383000000,-52.53994,45.0814172384000000,-52.704433,44.8603062385000000,-53.268726,44.686632386000000,-52.83622,44.562162387000000,-53.533691,44.3845442388000000,-53.323223,44.3514062389000000,-53.370235,44.036532390000000,-53.623047,43.8046192391000000,-53.926521,43.7855722392000000,-53.910828,43.7444572393000000,-54.356743,43.2915272394000000,-54.411724,43.3742372395000000,-54.256386,43.1678962396000000,-54.478382,43.1305852397000000,-54.592983,43.0058862398000000,-54.692261,42.7584232399000000,-54.560654,42.7622952400000000,-55.044468,42.5807272401000000,-54.607613,42.6868172402000000,-54.849751,42.3406492403000000,-55.018822,42.196222404000000,-55.254841,41.9821132405000000,-55.90519,41.5570792406000000,-56.056576,41.4105072407000000,-55.786316,41.4673732408000000,-56.196907,41.2103842409000000,-56.211876,41.2201732410000000,-56.465481,40.9790842411000000,-56.664558,40.8268892412000000,-57.038689,40.5150762413000000,-56.538734,40.6434252414000000,-57.452396,40.1962242415000000,-56.905937,40.3617632416000000,-57.313751,39.9618762417000000,-57.541641,39.744822418000000,-57.434414,39.8341062419000000,-57.554195,39.6146622420000000,-57.925339,39.2572292421000000,-57.706936,39.40342422000000,-58.019226,39.097742423000000,-58.155426,39.116362424000000,-58.580948,38.7223242425000000,-58.538246,38.6538092426000000,-58.395111,38.7301372427000000,-58.877666,38.4749372428000000,-58.87117,38.1800992429000000,-58.886608,38.2533912430000000,-59.296978,37.8541492431000000,-59.340378,37.7800482432000000,-59.310863,37.5054822433000000,-59.165039,37.6788022434000000,-59.67696,37.2270552435000000,-59.623257,37.1729132436000000,-59.96228,37.1961562437000000,-60.253708,37.0247612438000000,-60.254051,36.8772352439000000,-60.322926,36.4777182440000000,-60.358669,36.5788842441000000,-60.57819,36.2767222442000000,-60.558903,36.1122672443000000,-61.112545,36.0527612444000000,-60.758694,36.0514072445000000,-61.117741,35.6901662446000000,-61.429733,35.4282952447000000,-61.557793,35.482912448000000,-61.373165,35.189222449000000,-61.571678,35.1977772450000000,-61.7094,34.9401132451000000,-62.076618,34.7872282452000000,-62.081085,34.7508812453000000,-62.017258,34.6136672454000000,-62.634262,34.2489172455000000,-62.656364,34.2012142456000000,-63.040756,33.8178182457000000,-63.100861,33.5878942458000000,-63.114567,33.7398832459000000,-63.141376,33.4426422460000000,-63.370155,33.3635642461000000,-63.303825,33.2572862462000000,-64.186607,32.8399892463000000,-63.7276,32.9514472464000000,-63.790359,32.7722932465000000,-64.153618,32.6455082466000000,-64.094185,32.5094722467000000,-64.394943,32.2957842468000000,-64.624138,31.9651832469000000,-64.516754,31.973972470000000,-64.879158,31.7444732471000000,-65.205421,31.8166292472000000,-65.297714,31.5577242473000000,-65.560333,31.3402042474000000,-65.546585,31.1945152475000000,-65.781311,31.0012152476000000,-65.354027,30.9651812477000000,-65.6091,30.8323592478000000,-66.002953,30.5251772479000000,-66.651192,30.1481992480000000,-66.007645,30.4185832481000000,-66.287918,30.1769682482000000,-66.566307,30.0761552483000000,-66.556602,29.9094222484000000,-67.028587,29.4735772485000000,-67.028954,29.4435332486000000,-67.178436,29.300222487000000,-67.129166,29.299042488000000,-67.450752,28.9958652489000000,-67.643585,28.9664542490000000,-67.713272,28.6429622491000000,-68.058739,28.4789912492000000,-67.9086,28.5080552493000000,-68.126999,28.2245622494000000,-68.25293,28.1386052495000000,-68.156914,27.9856152496000000,-68.800758,27.8861522497000000,-68.443405,28.027462498000000,-68.978737,27.6253682499000000,-69.380066,27.2999212500000000,-68.977715,27.2918342501000000,-69.08094,27.2383982502000000,-69.246796,27.0165232503000000,-69.677345,26.8575672504000000,-69.333755,26.8526942505000000,-69.913139,26.3045312506000000,-70.026352,26.317452507000000,-70.410942,26.0415462508000000,-70.273125,25.949732509000000,-70.228165,25.9085392510000000,-70.119461,25.7937872511000000,-70.874733,25.4501212512000000,-70.645081,25.4856032513000000,-71.08683,25.1362082514000000,-70.807755,25.2459932515000000,-71.255646,24.8366392516000000,-71.944572,24.4540022517000000,-71.468964,24.7514592518000000,-71.648689,24.5126672519000000,-71.602348,24.4087832520000000,-72.165192,24.0877082521000000,-72.385841,23.9382522000000,-72.568764,23.7671112523000000,-72.434898,23.7195742524000000,-72.413971,23.4856912525000000,-72.596519,23.5288732526000000,-72.733879,23.1752242527000000,-72.868706,23.1315752528000000,-73.377777,22.7254122529000000,-72.893982,22.922922530000000,-73.042732,22.7682152531000000,-73.741562,22.4670642532000000,-73.817513,22.24562533000000,-73.631676,22.2136192534000000,-74.035233,21.8683382535000000,-74.109947,21.895372536000000,-74.27256,21.7087672537000000,-74.572464,21.5517272538000000,-74.824486,21.3114172539000000,-75.067902,21.046782540000000,-74.699036,21.3208182541000000,-75.012589,20.9795512542000000,-75.23912,20.7955672543000000,-75.314728,20.6062512544000000,-75.222137,20.2659072545000000,-75.273506,20.4355552546000000,-75.870842,20.0173722547000000,-75.621735,19.9506262548000000,-76.069023,19.8704762549000000,-75.972145,19.6727962550000000,-76.008087,19.6422882551000000,-76.416214,19.4503632552000000,-76.532227,19.2610282553000000,-76.713669,19.1242492554000000,-76.741562,18.7395042555000000,-76.999718,18.7237642556000000,-77.270874,18.3768792557000000,-77.281952,18.3968242558000000,-76.852982,18.5255282559000000,-77.789345,18.075562560000000,-77.750038,17.8151152561000000,-77.823433,17.6413362562000000,-77.457962,17.6685962563000000,-77.736122,17.3991992564000000,-78.436867,17.1976172565000000,-78.332733,17.1029262566000000,-78.647102,16.8535862567000000,-78.938217,16.6874732568000000,-78.937134,16.5839182569000000,-78.65255,16.5282692570000000,-78.715401,16.4233612571000000,-79.049858,16.226772572000000,-79.57769,15.964382573000000,-79.121391,15.8238192574000000,-79.581947,15.608692575000000,-79.354126,15.6427692576000000,-79.99614,15.2986852577000000,-79.766914,15.1387232578000000,-79.972221,15.0545552579000000,-80.139198,14.9708532580000000,-80.445374,14.650982581000000,-81.083488,14.4574872582000000,-80.834846,14.4026552583000000,-80.665207,14.4973132584000000,-80.774277,14.2233072585000000,-80.982048,14.0352112586000000,-81.527,13.6311652587000000,-81.382874,13.6900362588000000,-81.276505,13.6217942589000000,-81.725883,13.1833672590000000,-81.905624,13.1451422591000000,-81.815102,13.0891412592000000,-81.834099,12.8250042593000000,-82.362137,12.5402212594000000,-82.006561,12.5494382595000000,-82.205498,12.1457162596000000,-82.496704,12.2309522597000000,-82.309608,12.1527192598000000,-82.737679,11.8207682599000000,-82.626701,11.7438022600000000,-82.856651,11.6616662601000000,-82.873596,11.5610152602000000,-83.550797,11.1407922603000000,-83.039345,11.1708352604000000,-83.402092,10.9050882605000000,-83.209732,10.9129922606000000,-84.082695,10.4995462607000000,-84.242279,10.2944062608000000,-84.028984,10.2260272609000000,-84.601608,9.86510942610000000,-84.065163,10.0948592611000000,-84.657433,9.79802512612000000,-83.978188,9.77448272613000000,-84.972649,9.38361452614000000,-84.618156,9.30700682615000000,-84.966095,9.25504782616000000,-85.001305,9.09827522617000000,-85.035751,8.83846382618000000,-85.743095,8.54847342619000000,-85.366219,8.50430772620000000,-85.885048,8.18906972621000000,-85.826706,8.11535262622000000,-86.047165,8.08895682623000000,-85.844963,8.06560712624000000,-86.404045,7.63049132625000000,-86.258202,7.56439782626000000,-86.315948,7.43355512627000000,-86.851631,7.24030112628000000,-86.851715,7.02402162629000000,-86.758163,6.80361512630000000,-86.879868,6.81666332631000000,-86.868492,6.67740062632000000,-87.026169,6.392232633000000,-87.703629,6.04431342634000000,-87.11071,5.97270062635000000,-87.059486,6.15609262636000000,-87.552505,5.83485842637000000,-87.242935,5.62990242638000000,-87.761856,5.31200652639000000,-88.440849,5.17728282640000000,-88.229958,5.09399892641000000,-87.834427,5.08311182642000000,-88.293259,4.72401382643000000,-88.363029,4.73679882644000000,-88.918373,4.25688792645000000,-88.486282,4.37000182646000000,-88.995949,4.13035252647000000,-89.211769,3.99021532648000000,-88.803276,3.83715342649000000,-89.368355,3.71545772650000000,-89.137817,3.6328072651000000,-89.539528,3.33547452652000000,-89.971703,3.07278442653000000,-90.109329,2.86749032654000000,-89.613739,2.89893772655000000,-90.359528,2.65383322656000000,-90.009575,2.56846832657000000,-90.144623,2.41100672658000000,-90.109093,2.13824532659000000,-90.341858,2.19104812660000000,-90.171997,1.95194282661000000,-90.334579,1.86534092662000000,-90.980598,1.53660382663000000,-90.819275,1.26093912664000000,-91.031403,1.11227522665000000,-90.881302,1.0465382666000000,-91.090286,0.898957492667000000,-91.08313,0.737790762668000000,-90.917007,0.632284942669000000,-91.696037,0.414262122670000000,-90.579704,0.383812282671000000,-91.186417,0.217173192672000000,-91.655678,-0.0641399172673000000,-91.333466,-0.199825782674000000,-92.017998,-0.386520362675000000,-91.888519,-0.461541182676000000,-93.196388,-0.843354942677000000,-92.505943,-0.923944592678000000,-92.077087,-0.962751452679000000,-91.855316,-1.12918652680000000,-92.092827,-1.26641622681000000,-92.074493,-1.53187852682000000,-92.652992,-1.50866882683000000,-92.426025,-1.73059282684000000,-92.6409,-1.9604082685000000,-93.017059,-2.22931152686000000,-93.019966,-2.2943952687000000,-92.730408,-2.54441742688000000,-92.170609,-2.42602612689000000,-93.598297,-2.90602952690000000,-93.868988,-3.01213032691000000,-93.824883,-3.13837652692000000,-93.73616,-3.44315122693000000,-94.707893,-3.59765632694000000,-94.792511,-3.93041922695000000,-94.088753,-3.81122682696000000,-93.8862,-4.054082697000000,-93.915192,-4.11878012698000000,-94.095772,-4.22325132699000000,-94.168404,-4.43802312700000000,-95.086708,-4.76912072701000000,-94.171822,-4.70849512702000000,-93.378952,-4.80621672703000000,-94.247833,-5.22956752704000000,-94.509315,-5.32485682705000000,-95.310158,-5.51817082706000000,-94.580688,-5.52960352707000000,-95.33754,-5.91607712708000000,-96.116661,-6.11923932709000000,-96.123245,-6.30352642710000000,-95.290718,-6.16777942711000000,-94.485687,-6.61064622712000000,-95.885422,-6.58719212713000000,-95.18045,-6.7115342714000000,-94.697479,-6.83081152715000000,-95.814186,-7.29203322716000000,-95.332359,-6.98988772717000000,-95.661377,-7.2415812718000000,-95.978119,-7.82005122719000000,-96.43306,-7.8147432720000000,-96.290451,-7.93938542721000000,-95.854828,-8.12606332722000000,-95.391174,-8.15019422723000000,-95.51593,-8.39071462724000000,-96.706863,-8.51704032725000000,-95.716202,-8.77788832726000000,-97.286568,-8.98632432727000000,-96.648811,-8.96730332728000000,-97.185143,-9.37237072729000000,-96.272461,-9.50205712730000000,-96.300743,-9.4900362731000000,-96.256775,-9.73205662732000000,-96.76062,-9.87733842733000000,-96.924377,-10.1898042734000000,-97.254631,-10.329352735000000,-96.709869,-10.4000542736000000,-98.060646,-10.8517822737000000,-97.493599,-11.0076542738000000,-97.140022,-10.964342739000000,-96.410454,-10.8803172740000000,-97.650017,-11.3556682741000000,-97.390343,-11.4167312742000000,-96.80246,-11.4220912743000000,-97.953087,-11.7495752744000000,-96.553505,-11.7974532745000000,-98.570602,-12.1273032746000000,-97.489594,-12.2564252747000000,-98.473915,-12.5325582748000000,-97.750908,-12.5012332749000000,-98.310341,-12.7710652750000000,-98.633781,-13.209232751000000,-96.723076,-12.8753622752000000,-99.391762,-13.2872382753000000,-98.171768,-13.4524862754000000,-98.751076,-13.7480422755000000,-97.61956,-13.6390022756000000,-97.934616,-13.8710932757000000,-98.020538,-14.1719212758000000,-98.380325,-14.3272542759000000,-97.635475,-14.472422760000000,-98.281624,-14.7205742761000000,-97.966347,-14.8849172762000000,-98.728363,-15.1036622763000000,-98.309486,-15.1534882764000000,-98.007904,-15.2581852765000000,-98.852623,-15.4493532766000000,-99.458275,-15.6351622767000000,-99.654671,-15.7723512768000000,-98.587509,-15.7808472769000000,-97.708214,-16.0835592770000000,-97.938835,-16.1894742771000000,-98.658821,-16.3156412772000000,-98.310074,-16.6645162773000000,-99.375397,-16.9883592774000000,-99.038651,-16.7624322775000000,-98.798683,-17.0800992776000000,-99.19664,-17.2815862777000000,-99.123299,-17.4550692778000000,-99.181107,-17.5455722779000000,-98.729797,-17.9618612780000000,-99.995056,-18.1272222781000000,-99.474182,-18.1174282782000000,-98.553589,-18.2330822783000000,-98.87384,-18.5541932784000000,-98.949669,-18.8391442785000000,-99.081352,-18.8166392786000000,-99.216965,-19.1363432787000000,-99.760246,-19.2620072788000000,-98.226151,-19.3960972789000000,-98.202194,-19.569132790000000,-98.458488,-19.6649592791000000,-98.324692,-19.7762742792000000,-98.121101,-20.0046752793000000,-98.054276,-20.3392912794000000,-96.599854,-20.3973962795000000,-98.14727,-20.6974952796000000,-99.206184,-20.7602712797000000,-96.729279,-20.7263282798000000,-99.277054,-21.0864542799000000,-99.166725,-21.2453612800000000,-96.831268,-21.2763712801000000,-99.194809,-21.5131862802000000,-99.181931,-21.8686412803000000,-99.620049,-21.9239082804000000,-98.82309,-22.0354082805000000,-99.280739,-22.2971612806000000,-96.672668,-22.4551122807000000,-99.164154,-22.7597752808000000,-98.426193,-22.7710272809000000,-101.81242,-23.2143142810000000,-100.8687,-23.2797262811000000,-100.07666,-23.2023772812000000,-99.268501,-23.4073332813000000,-98.662895,-23.3635652814000000,-98.285545,-23.7866152815000000,-98.724045,-23.9202612816000000,-98.859886,-24.1351662817000000,-99.12262,-24.3616582818000000,-99.42482,-24.553682819000000,-97.909904,-24.7214912820000000,-98.436562,-24.7941892821000000,-97.81469,-25.0011842822000000,-97.687355,-25.1607362823000000,-97.966019,-25.1538752824000000,-97.611137,-25.3947242825000000,-99.312714,-25.7883682826000000,-98.394768,-25.8495642827000000,-98.354713,-26.0832122828000000,-97.95266,-26.2586692829000000,-97.95887,-26.2999292830000000,-99.009155,-26.5102182831000000,-98.032509,-26.6850572832000000,-97.719559,-26.7912332833000000,-97.726563,-27.1061132834000000,-97.302208,-27.2479532835000000,-98.118271,-27.4929262836000000,-96.820747,-27.5913732837000000,-97.166451,-27.8126032838000000,-95.993675,-27.9528332839000000,-95.872925,-27.9151252840000000,-96.978088,-28.2547492841000000,-96.780319,-28.4612672842000000,-96.237259,-28.6853332843000000,-98.621971,-28.6545662844000000,-95.301941,-28.9436262845000000,-96.154327,-29.101482846000000,-95.67804,-29.2570862847000000,-96.860756,-29.483442848000000,-96.461304,-29.6241152849000000,-100.13563,-30.0797412850000000,-91.876282,-29.8391572851000000,-96.538643,-30.3680382852000000,-96.386765,-30.3224642853000000,-94.915024,-30.3950182854000000,-95.00956,-30.7161672855000000,-96.648857,-30.9923112856000000,-94.436104,-31.1405242857000000,-95.049385,-31.0725732858000000,-94.347916,-31.4319022859000000,-93.977417,-31.5009822860000000,-93.675514,-31.6624112861000000,-97.167046,-32.031962862000000,-95.792549,-32.0625152863000000,-93.983109,-32.2663352864000000,-94.65741,-32.39272865000000,-96.04216,-32.8202782866000000,-94.66124,-32.8030932867000000,-92.924278,-32.8848152868000000,-93.777245,-33.1234282869000000,-93.782661,-33.3775222870000000,-94.315109,-33.5776332871000000,-93.80307,-33.7459452872000000,-90.943336,-33.7851332873000000,-92.045227,-33.7421112874000000,-91.622406,-34.1350522875000000,-91.734909,-34.4409182876000000,-92.370323,-34.6625482877000000,-91.527992,-34.6945462878000000,-92.385757,-34.8667072879000000,-88.732765,-35.1505972880000000,-90.665802,-35.2622182881000000,-90.275627,-35.2016072882000000,-88.548553,-35.5936322883000000,-91.174713,-35.9415892884000000,-90.268669,-35.9055562885000000,-88.669769,-35.9824872886000000,-88.370491,-36.0909922887000000,-88.255898,-36.5172462888000000,-88.581062,-36.8345762889000000,-87.156517,-36.7162062890000000,-86.366959,-36.8659062891000000,-86.941025,-37.0022242892000000,-86.509933,-37.126032893000000,-86.660767,-37.4256742894000000,-84.27639,-37.437182895000000,-85.12442,-37.8038752896000000,-86.673203,-38.0164992897000000,-85.123329,-38.1391262898000000,-85.813225,-38.3616452899000000,-84.630013,-38.5647132900000000,-84.386528,-38.8797492901000000,-85.852028,-39.0547682902000000,-84.454529,-39.1047522903000000,-82.304276,-39.1662522904000000,-83.042435,-39.3912962905000000,-83.173271,-39.5919612906000000,-84.007301,-39.71042907000000,-83.063499,-39.9990882908000000,-79.300766,-40.1197362909000000,-81.02243,-40.305662910000000,-83.696243,-40.551642911000000,-83.100334,-40.6303252912000000,-79.559082,-40.7760392913000000,-77.460098,-41.0059782914000000,-81.748436,-41.3671722915000000,-75.825592,-41.1858482916000000,-79.273102,-41.6768572917000000,-79.761513,-41.6221162918000000,-78.468391,-41.8535082919000000,-77.282082,-42.0611312920000000,-75.672974,-42.1950342921000000,-79.478188,-42.5489882922000000,-78.562057,-42.523752923000000,-76.115005,-42.7952732924000000,-75.482658,-42.8607142925000000,-77.582855,-43.0777172926000000,-72.149231,-43.4466022927000000,-74.54438,-43.6338732928000000,-72.940056,-43.7251052929000000,-72.672562,-44.0712592930000000,-72.133247,-44.0277862931000000,-71.337914,-44.1483992932000000,-70.123558,-44.3501472933000000,-72.933723,-44.7398112934000000,-72.468323,-44.7328112935000000,-69.739494,-45.0297282936000000,-67.930771,-45.185122937000000,-69.166634,-45.2163352938000000,-67.004951,-45.5836752939000000,-65.132774,-45.7104422940000000,-64.42392,-45.7671622941000000,-64.705566,-46.1209342942000000,-64.96981,-46.1764682943000000,-64.554352,-46.2069322944000000,-63.260632,-46.6236692945000000,-61.751556,-46.5860212946000000,-67.82959,-47.2448772947000000,-61.058144,-47.077082948000000,-65.794136,-47.3195112949000000,-58.312733,-47.3976942950000000,-65.144516,-47.8515092951000000,-61.532635,-47.8375132952000000,-57.752762,-47.9613232953000000,-58.639893,-48.0439682954000000,-54.291019,-48.3226242955000000,-60.277943,-48.6099972956000000,-57.761585,-48.8176352957000000,-51.17482,-48.8887712958000000,-54.45628,-49.1933142959000000,-54.954292,-49.17862960000000,-51.728882,-49.4029272961000000,-49.768566,-49.5625882962000000,-48.724148,-49.6574132963000000,-50.165077,-49.9851652964000000,-47.561775,-49.9171832965000000,-52.153503,-50.1496892966000000,-47.698151,-50.3197062967000000,-48.970856,-50.7360652968000000,-48.676384,-50.9022482969000000,-49.666538,-51.0944672970000000,-46.188183,-51.1261412971000000,-43.957706,-51.3447652972000000,-44.311356,-51.7167022973000000,-46.024326,-51.7843632974000000,-42.696747,-51.8749082975000000,-46.136078,-52.04432976000000,-46.811085,-52.4499442977000000,-43.650009,-52.3268362978000000,-41.744904,-52.7649922979000000,-47.338913,-52.9432222980000000,-41.11795,-53.1884542981000000,-42.133797,-53.1115072982000000,-40.952248,-53.7066652983000000,-38.015675,-53.531042984000000,-39.794048,-53.812082985000000,-37.563225,-53.8912282986000000,-39.268406,-54.1715512987000000,-36.329372,-54.3898282988000000,-35.490757,-54.5451132989000000,-35.017361,-54.5694582990000000,-32.828476,-54.7981872991000000,-34.269611,-54.9256782992000000,-35.910847,-55.2857322993000000,-31.63188,-55.3912812994000000,-35.260468,-55.6544952995000000,-26.171473,-55.8912012996000000,-30.736736,-55.9753492997000000,-29.347609,-56.3247682998000000,-31.822382,-56.5584912999000000,-28.714813,-56.6955383000000000,-30.705099,-56.6893963001000000,-28.745327,-56.9208413002000000,-28.106018,-57.0661283003000000,-28.517569,-57.1767123004000000,-28.302826,-57.4766043005000000,-27.740126,-57.6150863006000000,-24.104795,-57.7687493007000000,-23.663481,-57.995883008000000,-28.498224,-58.136443009000000,-25.579351,-58.3299333010000000,-24.786047,-58.5289423011000000,-27.126753,-58.5652543012000000,-22.047764,-59.0026173013000000,-21.921263,-58.879623014000000,-24.142811,-59.4302223015000000,-20.115686,-59.5236433016000000,-21.610168,-59.7626693017000000,-22.549616,-59.8676343018000000,-21.877796,-59.9613653019000000,-18.487904,-60.1357383020000000,-21.609129,-60.4162223021000000,-20.640745,-60.7263183022000000,-19.79048,-60.8765913023000000,-21.414783,-60.9988213024000000,-18.742867,-61.1158033025000000,-20.630625,-61.5135733026000000,-21.374889,-61.6144523027000000,-24.197989,-61.8602453028000000,-15.511643,-61.968993029000000,-16.859978,-62.3101433030000000,-15.421034,-62.547843031000000,-16.03808,-62.4076653032000000,-14.151324,-62.7082413033000000,-16.402267,-62.826953034000000,-15.222547,-63.1984793035000000,-15.655368,-63.2080963036000000,-16.817757,-63.4555323037000000,-17.201065,-63.5782013038000000,-13.519166,-63.7712553039000000,-14.075176,-63.8075073040000000,-15.597412,-64.0289383041000000,-18.397861,-64.4378663042000000,-17.753433,-64.3704683043000000,-7.9566021,-64.8112643044000000,-13.035452,-64.9567873045000000,-12.796647,-65.1254963046000000,-10.502698,-65.3873373047000000,-15.734184,-65.4346473048000000,-12.049031,-65.7272953049000000,-6.395647,-65.7615283050000000,-12.592627,-65.8813783051000000,-13.409222,-66.2131583052000000,-8.6830015,-66.5990983053000000,-8.6417418,-66.5887683054000000,-10.485649,-66.8366243055000000,-9.1415234,-66.8960953056000000,-8.615202,-67.2394943057000000,-10.414887,-67.3678673058000000,-9.7851973,-67.6146773059000000,-7.7040777,-67.6889573060000000,-7.5054278,-67.9094473061000000,-6.0898294,-67.9979713062000000,-9.9097214,-68.2569813063000000,-7.8696432,-68.4155433064000000,-8.1738529,-68.6883543065000000,-8.2930727,-68.8920293066000000,-3.9831469,-69.1683583067000000,-7.596808,-69.3079613068000000,-6.1910596,-69.4305653069000000,-7.0018954,-69.4957893070000000,-2.1429527,-69.9467773071000000,-4.7353768,-69.9519353072000000,-6.9223824,-70.1769943073000000,-4.9079151,-70.3211823074000000,-3.2569165,-70.4928053075000000,-8.9499168,-70.7756653076000000,-4.9383836,-70.8954623077000000,-5.6610551,-71.1850973078000000,-9.0759487,-71.3260883079000000,-3.6951303,-71.4958273080000000,1.2012098,-71.5985113081000000,-6.0722518,-72.099963082000000,-5.9280992,-72.0056533083000000,-4.5100303,-72.3168333084000000,-5.1624074,-72.40113085000000,-8.5324001,-72.8263173086000000,0.68978047,-72.6010133087000000,-7.0099173,-73.1908573088000000,-4.7722473,-73.2910233089000000,-0.51927674,-73.3028643090000000,-0.077708133,-73.5585633091000000,-1.5500494,-73.7192153092000000,-3.1731131,-74.0166473093000000,-3.1861112,-74.0847783094000000,-1.8768474,-74.3449633095000000,-3.8773789,-74.6026693096000000,-2.1555688,-74.6401983097000000,-2.0137198,-74.8974233098000000,-5.380259,-75.0211793099000000,-1.516475,-75.300983100000000,-0.36436149,-75.4733813101000000,-0.51391548,-75.6117553102000000,-0.58356524,-75.9292833103000000,-2.0460646,-76.1137543104000000,-0.78908521,-76.2712713105000000,1.8171004,-76.5167013106000000,-0.89977413,-76.7387473107000000,-0.52580369,-76.8674323108000000,-3.5885406,-77.1018223109000000,5.0590339,-77.4491653110000000,1.8712708,-77.576183111000000,3.3124595,-77.5845033112000000,0.24360707,-77.9756933113000000,-0.96519613,-78.0160683114000000,-0.39107388,-78.2087633115000000,1.0073328,-78.4590913116000000,0.25764215,-78.6515433117000000,2.6722004,-78.6734773118000000,6.0538292,-79.2607883119000000,4.6726842,-79.2039873120000000,13.246108,-79.4375763121000000,4.3105898,-79.673083122000000,6.9229269,-79.7849433123000000,8.1716843,-80.2315373124000000,10.64094,-80.3327333125000000,9.9307013,-80.5668263126000000,5.2584767,-80.6993333127000000,9.9757662,-80.9441913128000000,5.8633032,-80.9333573129000000,7.8174477,-81.101253130000000,11.662012,-81.4002383131000000,9.4360542,-81.7031173132000000,8.5914707,-81.8113713133000000,12.045959,-81.9777223134000000,9.1372757,-82.1659163135000000,13.439854,-82.4257133136000000,17.348919,-82.5612413137000000,22.073935,-82.7640613138000000,20.236761,-83.2750853139000000,14.934677,-83.3515473140000000,12.063777,-83.31723141000000,23.049023,-83.5756763142000000,14.323893,-83.6722563143000000,17.826157,-84.145023144000000,20.23485,-84.1580893145000000,24.361179,-84.2587663146000000,23.278591,-84.6437613147000000,24.136007,-84.7100523148000000,21.237741,-84.8372043149000000,29.02799,-85.0664373150000000,24.99696,-85.3945543151000000,29.117308,-85.6727373152000000,29.313185,-85.8510133153000000,34.452972,-85.9987263154000000,31.965029,-86.1360933155000000,30.522018,-86.1679693156000000,34.881081,-86.510783157000000,38.238281,-86.778743158000000,34.033089,-86.9672163159000000,34.879852,-87.092853160000000,37.244942,-87.2450033161000000,37.343479,-87.6433183162000000,46.949703,-87.9254533163000000,45.473576,-87.9036183164000000,47.09486,-88.3816073165000000,47.747452,-88.5357823166000000,54.033024,-88.3655933167000000,52.892685,-88.8732153168000000,58.114529,-89.1313713169000000,50.022877,-88.9953843170000000,55.668316,-89.1568763171000000,63.373302,-89.6107413172000000,62.143806,-89.8398593173000000,60.937126,-90.0760653174000000,61.467381,-90.1570363175000000,69.970039,-90.3031393176000000,62.074459,-90.6280983177000000,67.849541,-90.6970523178000000,78.173531,-91.0876853179000000,75.182129,-90.8819353180000000,77.458313,-91.5646513181000000,76.092697,-91.6867683182000000,79.319374,-91.760913183000000,80.851654,-91.8984153184000000,84.679199,-92.2209933185000000,83.693779,-92.4908983186000000,86.177956,-92.6724553187000000,84.028419,-92.7117463188000000,84.929802,-92.9427873189000000,91.015015,-93.3993683190000000,93.821075,-93.581683191000000,89.310814,-93.7949983192000000,91.582878,-93.9159163193000000,96.71347,-94.2352293194000000,92.197098,-94.355533195000000,94.216347,-94.5474933196000000,93.912178,-94.5960923197000000,96.999626,-94.9944083198000000,101.62952,-95.0609743199000000,102.91037,-95.4161153200000000,101.67287,-95.7149353201000000,103.6954,-95.860393202000000,103.4284,-95.8490373203000000,101.86478,-96.2986373204000000,105.64796,-96.6499023205000000,106.46049,-96.5813373206000000,106.11358,-96.8463973207000000,105.70088,-97.1809013208000000,108.63111,-97.4503783209000000,108.88934,-97.4772263210000000,107.96797,-97.5750813211000000,110.03055,-98.0227973212000000,106.78035,-97.9411323213000000,109.17931,-98.5066833214000000,109.41067,-98.3903813215000000,112.46488,-98.6474233216000000,111.58784,-98.8419343217000000,110.03667,-98.9965293218000000,112.09384,-99.3529513219000000,112.10727,-99.4605563220000000,113.09555,-99.6623543221000000,113.19915,-100.150573222000000,113.3199,-100.146363223000000,112.88397,-100.333063224000000,115.36014,-100.753033225000000,111.72715,-100.733343226000000,115.78938,-100.836643227000000,115.93111,-101.269843228000000,113.6895,-101.417233229000000,115.55783,-101.631093230000000,116.38808,-101.993613231000000,115.79066,-102.032133232000000,114.30688,-102.318083233000000,115.61229,-102.405433234000000,114.79065,-102.696823235000000,114.1515,-103.10283236000000,116.25795,-103.170113237000000,116.11416,-103.352623238000000,115.29193,-103.726113239000000,118.29855,-103.85043240000000,115.30284,-103.853763241000000,118.08858,-104.210333242000000,118.89502,-104.519613243000000,117.55925,-104.779853244000000,116.799,-104.733843245000000,117.7713,-105.185133246000000,118.15922,-105.406733247000000,119.40759,-105.907013248000000,117.59459,-105.880273249000000,116.66284,-105.983763250000000,118.52848,-106.131833251000000,118.93936,-106.382993252000000,117.04708,-106.436363253000000,118.84669,-106.965293254000000,118.01074,-106.970423255000000,117.24697,-107.226653256000000,118.00955,-107.46663257000000,116.59726,-107.775913258000000,118.48801,-107.972223259000000,116.90176,-108.056933260000000,117.46233,-108.502253261000000,117.37384,-108.391833262000000,116.82715,-108.808783263000000,117.14881,-109.040923264000000,118.00449,-109.204413265000000,118.52409,-109.521283266000000,118.94205,-109.677543267000000,117.41449,-109.871253268000000,117.68061,-109.954243269000000,117.64674,-110.427653270000000,118.15964,-110.644983271000000,118.28575,-111.02563272000000,117.82411,-111.109843273000000,117.67301,-111.191063274000000,118.3288,-111.58913275000000,117.30434,-111.697973276000000,118.0328,-112.053643277000000,117.17657,-112.1873278000000,117.45579,-112.325343279000000,117.97853,-112.47293280000000,116.9286,-112.982473281000000,117.39992,-112.947583282000000,117.12638,-113.16613283000000,117.33962,-113.644643284000000,116.30374,-113.662983285000000,117.52142,-113.943013286000000,116.60477,-114.462653287000000,117.05494,-114.351853288000000,116.76023,-114.564743289000000,116.05665,-114.856423290000000,116.15159,-115.137543291000000,116.11103,-115.384873292000000,116.0484,-115.509193293000000,115.66009,-115.624163294000000,115.83448,-115.939483295000000,115.75765,-116.296833296000000,115.21244,-116.290423297000000,115.40916,-116.582183298000000,115.51282,-116.882843299000000,115.39595,-117.083153300000000,115.12358,-117.342223301000000,114.92423,-117.515723302000000,114.91392,-117.7593303000000,115.21454,-118.132093304000000,114.76278,-118.400673305000000,115.33135,-118.747153306000000,113.97505,-118.488433307000000,114.40203,-119.063683308000000,115.1049,-119.40323309000000,113.82281,-119.327423310000000,113.53113,-119.645863311000000,113.83838,-119.830663312000000,113.53223,-119.899733313000000,113.67136,-120.351663314000000,113.40181,-120.737763315000000,113.01408,-120.839313316000000,113.01305,-121.104973317000000,112.71663,-121.134223318000000,112.71728,-121.450723319000000,112.54664,-121.654913320000000,112.60177,-122.014373321000000,112.02627,-122.160713322000000,112.52522,-122.367063323000000,111.40881,-122.670023324000000,112.11711,-122.848113325000000,111.86346,-122.96953326000000,111.49783,-123.359273327000000,111.35941,-123.606383328000000,111.29054,-124.036613329000000,111.04663,-124.001563330000000,110.94097,-124.102973331000000,110.7751,-124.588293332000000,110.62698,-124.857283333000000,110.49217,-125.073563334000000,110.51748,-125.395833335000000,109.63754,-125.454573336000000,109.69812,-125.630193337000000,109.57889,-125.859533338000000,109.6168,-126.076433339000000,109.16206,-126.507333340000000,109.71906,-126.62263341000000,109.03065,-126.932853342000000,108.79443,-127.236553343000000,108.38375,-127.46823344000000,108.55344,-127.615643345000000,108.45469,-127.913983346000000,108.16936,-128.033513347000000,107.86263,-128.384063348000000,107.71175,-128.502093349000000,108.03458,-128.969023350000000,107.32412,-128.923753351000000,107.21133,-129.283583352000000,107.48954,-129.421943353000000,106.46584,-129.860243354000000,106.47681,-129.894183355000000,106.37105,-130.177143356000000,106.09563,-130.347263357000000,106.38052,-130.745093358000000,105.67292,-130.809343359000000,105.6503,-131.231383360000000,105.57121,-131.402313361000000,105.66801,-131.695363362000000,105.14459,-131.967713363000000,105.23932,-132.154713364000000,105.38593,-132.34933365000000,104.6233,-132.500413366000000,104.74957,-132.794363367000000,104.25264,-133.162553368000000,103.83685,-133.274693369000000,103.8423,-133.658863370000000,103.67469,-133.684743371000000,103.85907,-134.143523372000000,103.74345,-134.282763373000000,103.42704,-134.60463374000000,102.94583,-135.003753375000000,103.05625,-135.036853376000000,102.28036,-135.427863377000000,102.88754,-135.601783378000000,102.44324,-135.968093379000000,102.3072,-136.116183380000000,101.40814,-136.521443381000000,101.71033,-136.547523382000000,101.29379,-136.717613383000000,100.81947,-137.071243384000000,101.08777,-137.390983385000000,100.76125,-137.68523386000000,100.73833,-137.918763387000000,100.48079,-138.10043388000000,100.37301,-138.513233389000000,100.11478,-138.526493390000000,99.472107,-138.971453391000000,99.694649,-139.208793392000000,99.247978,-139.361333393000000,99.401581,-139.598393394000000,98.947952,-139.84053395000000,98.659073,-140.218173396000000,98.499466,-140.175133397000000,98.192223,-140.752663398000000,97.97892,-140.910753399000000,97.731133,-140.949713400000000,97.889969,-141.345493401000000,97.462494,-141.768743402000000,97.292931,-141.947363403000000,96.974846,-141.976993404000000,96.436211,-142.358543405000000,96.769081,-142.563543406000000,96.684891,-142.892613407000000,95.91449,-143.052313408000000,95.947632,-143.527593409000000,95.834518,-143.686863410000000,95.322731,-143.889773411000000,95.531357,-144.207643412000000,95.099113,-144.451193413000000,94.573753,-144.725483414000000,94.487762,-144.908023415000000,94.498993,-145.232453416000000,94.24868,-145.534213417000000,93.90377,-145.754553418000000,94.051559,-145.967423419000000,93.577538,-146.289283420000000,93.406639,-146.451133421000000,92.927177,-146.755223422000000,92.920761,-147.005513423000000,92.88678,-147.104313424000000,92.835892,-147.513023425000000,92.18396,-148.010153426000000,91.979958,-148.116623427000000,91.769119,-148.519973428000000,91.657074,-148.63113429000000,91.228836,-148.82973430000000,91.180191,-148.913213431000000,90.835411,-149.316823432000000,90.725052,-149.430833433000000,90.479294,-149.821293434000000,90.294655,-150.041793435000000,89.910049,-150.430563436000000,89.634079,-150.643493437000000,89.382538,-150.892013438000000,89.18338,-151.364943439000000,89.22242,-151.448033440000000,88.826439,-151.444953441000000,88.576103,-151.852783442000000,88.293373,-152.039753443000000,87.975838,-152.426883444000000,88.139381,-152.587683445000000,87.796951,-152.99443446000000,87.61142,-153.346133447000000,87.416985,-153.551973448000000,87.044037,-153.88463449000000,86.924774,-154.073353450000000,86.689735,-154.189563451000000,86.539848,-154.526053452000000,86.199501,-154.93043453000000,85.903755,-155.228133454000000,85.720398,-155.289223455000000,85.585815,-155.547363456000000,85.333458,-155.954483457000000,84.972298,-156.254913458000000,84.799255,-156.408293459000000,84.92701,-156.73393460000000,84.39241,-156.827123461000000,84.451736,-157.099173462000000,83.913132,-157.29413463000000,83.694183,-157.871513464000000,83.35022,-157.964713465000000,83.214218,-158.161073466000000,83.154732,-158.451713467000000,82.446213,-159.05893468000000,82.340195,-159.094853469000000,82.176506,-159.67673470000000,81.8853,-159.705183471000000,81.724243,-160.01823472000000,81.556984,-160.195653473000000,81.365097,-160.542593474000000,81.197075,-160.512913475000000,80.800728,-161.097983476000000,80.570274,-161.161853477000000,80.210892,-161.568563478000000,80.097366,-161.809143479000000,79.817451,-162.064153480000000,79.640068,-162.431493481000000,79.597801,-162.596313482000000,79.124809,-162.803533483000000,78.700638,-163.14783484000000,78.783569,-163.351183485000000,78.537308,-163.6623486000000,78.271591,-164.001823487000000,78.177872,-164.135673488000000,77.739952,-164.516663489000000,77.530998,-164.71783490000000,77.371246,-165.006683491000000,77.133041,-165.020523492000000,76.928047,-165.598723493000000,76.539146,-165.952243494000000,76.417999,-166.004243495000000,75.961983,-166.61163496000000,75.601807,-166.713783497000000,75.33152,-167.088733498000000,75.340775,-167.234193499000000,75.146271,-167.538763500000000,74.797043,-167.735493501000000,74.469543,-168.188253502000000,74.531677,-168.174383503000000,74.183098,-168.772573504000000,73.844307,-168.940463505000000,73.661034,-169.163853506000000,73.339684,-169.530823507000000,72.97728,-169.877753508000000,72.60173,-170.003943509000000,72.770134,-170.154753510000000,72.165039,-170.671073511000000,72.154884,-170.947073512000000,71.798233,-171.131123513000000,71.614517,-171.437443514000000,71.340523,-171.628563515000000,70.999062,-171.933183516000000,70.864754,-172.362933517000000,70.974731,-172.291633518000000,70.658012,-172.611053519000000,70.057884,-173.143653520000000,69.693649,-173.576323521000000,69.660622,-173.572173522000000,69.61731,-173.650163523000000,69.27121,-174.100893524000000,68.938507,-174.381873525000000,68.625832,-174.674733526000000,68.366463,-174.927253527000000,68.246094,-175.242463528000000,67.925888,-175.533923529000000,67.743263,-175.646293530000000,67.469467,-176.02373531000000,67.221443,-176.443943532000000,67.076569,-176.686613533000000,66.717873,-176.930023534000000,66.40873,-177.342543535000000,65.975647,-177.469483536000000,65.57515,-177.973283537000000,65.566177,-178.086613538000000,65.622597,-178.414543539000000,64.989876,-178.781483540000000,64.767136,-178.807053541000000,64.470604,-179.328513542000000,64.250084,-179.497633543000000,64.050667,-179.645743544000000,63.792999,179.868273545000000,63.389988,179.697623546000000,63.504772,179.365693547000000,63.198704,179.109453548000000,63.009117,178.869323549000000,62.6082,178.521643550000000,62.402981,178.18813551000000,62.222176,178.091753552000000,61.554989,177.524933553000000,61.626907,177.600523554000000,61.093155,176.993293555000000,61.396088,177.059343556000000,60.781357,176.587043557000000,60.497635,176.362753558000000,60.395737,175.871463559000000,60.074726,175.801443560000000,59.691006,175.553763561000000,59.521481,175.189943562000000,59.351681,174.893483563000000,59.007137,174.516563564000000,58.676891,174.325643565000000,58.455513,174.019013566000000,58.468292,174.046173567000000,58.227924,173.746173568000000,57.981148,173.33263569000000,57.473228,172.941763570000000,57.228542,172.841863571000000,56.95863,172.407933572000000,56.784283,171.992783573000000,56.542187,171.840583574000000,56.270676,171.506363575000000,55.98035,171.191863576000000,55.628731,170.828223577000000,55.5513,170.607383578000000,55.008186,170.24623579000000,54.812557,170.094923580000000,54.568439,169.880623581000000,54.14489,169.264863582000000,53.873573,169.335243583000000,53.900307,169.053543584000000,53.481232,168.556033585000000,53.516148,168.565113586000000,53.480843,168.478853587000000,52.792511,167.866043588000000,52.480835,167.640993589000000,52.373394,167.20883590000000,51.988197,166.975563591000000,52.028008,166.918033592000000,51.430649,166.410293593000000,51.270863,166.200153594000000,51.147106,165.951833595000000,50.614655,165.540513596000000,50.509754,165.300493597000000,50.372997,165.137513598000000,49.992317,164.660513599000000,49.783829,164.555283600000000,49.603207,164.267183601000000,49.190865,163.861183602000000,48.731838,163.444113603000000,48.556896,163.17583604000000,48.327934,162.949453605000000,48.397182,162.872043606000000,47.916206,162.687483607000000,47.773361,162.2443608000000,47.562592,161.969823609000000,47.214302,161.613493610000000,46.972412,161.488983611000000,46.778206,161.049153612000000,46.496937,160.86113613000000,46.140759,160.656113614000000,45.909622,160.233615000000,45.663509,159.991563616000000,45.608624,159.773283617000000,45.262875,159.536973618000000,44.859219,159.429613619000000,44.598778,159.041783620000000,44.337303,158.719073621000000,44.079395,158.318213622000000,43.810944,157.958923623000000,43.590378,157.932043624000000,43.095982,157.374473625000000,43.01144,157.003743626000000,42.992386,157.092293627000000,42.60173,156.690123628000000,42.260113,156.505433629000000,41.866276,156.028613630000000,41.884815,155.864973631000000,41.418072,155.448243632000000,41.293468,155.168443633000000,41.149601,155.254463634000000,40.517239,154.609013635000000,40.172577,154.38773636000000,40.186527,154.35083637000000,40.18119,154.098423638000000,39.688198,153.641423639000000,39.579929,153.399923640000000,39.124081,153.179873641000000,39.144794,152.973683642000000,38.522911,152.557923643000000,38.652206,152.423113644000000,38.230373,151.965733645000000,37.965569,151.766743646000000,37.705921,151.371963647000000,37.629311,151.222213648000000,37.217354,150.97333649000000,36.934513,150.522353650000000,36.829525,150.455293651000000,36.680061,150.423663652000000,36.509792,149.941943653000000,36.144768,149.626693654000000,35.787346,149.37073655000000,35.350037,148.948673656000000,35.024101,148.586233657000000,34.773647,148.327993658000000,34.582348,148.26793659000000,34.500797,147.970473660000000,34.267059,147.593833661000000,33.758858,147.260743662000000,33.718456,147.377643663000000,33.314838,146.860213664000000,33.380676,146.755193665000000,32.791538,146.374343666000000,32.687847,145.921513667000000,32.431068,145.746633668000000,32.119602,145.530233669000000,31.906525,145.408773670000000,31.765066,145.046553671000000,31.717342,144.847113672000000,31.270607,144.598633673000000,30.905146,144.043033674000000,30.533405,143.77963675000000,30.613953,143.703113676000000,30.079248,143.27493677000000,29.901138,143.080063678000000,29.77359,142.83443679000000,29.59824,142.525123680000000,29.351656,142.271583681000000,29.059847,142.151383682000000,28.79841,141.655173683000000,28.465368,141.585423684000000,28.290375,141.201633685000000,27.822214,140.859073686000000,28.028616,140.75153687000000,27.630829,140.508033688000000,27.351915,140.348563689000000,27.36455,140.101393690000000,26.916931,139.790123691000000,26.469496,139.243243692000000,26.096441,138.912493693000000,26.217697,139.01663694000000,25.648384,138.282263695000000,25.365795,138.33313696000000,25.329334,138.082863697000000,24.942593,137.807453698000000,24.709797,137.701813699000000,24.673008,137.398483700000000,24.202417,136.9093701000000,24.009279,136.771913702000000,24.130245,136.926283703000000,23.174633,136.004913704000000,23.592773,136.081993705000000,23.188601,135.788573706000000,22.986288,135.496523707000000,22.757864,135.308643708000000,22.530645,135.096253709000000,22.387104,134.903373710000000,22.095032,134.603183711000000,21.816637,134.307773712000000,21.655983,134.044953713000000,21.337368,133.873323714000000,21.042814,133.628543715000000,20.671108,133.110083716000000,20.759197,133.138693717000000,20.294743,132.723573718000000,20.161427,132.532873719000000,19.718819,132.156253720000000,19.738741,132.159233721000000,19.343752,131.72923722000000,19.000273,131.613043723000000,18.948511,131.045943724000000,18.745161,131.05553725000000,18.229481,130.689383726000000,18.405493,130.750553727000000,18.089354,130.378013728000000,17.74843,129.966673729000000,17.4702,129.736913730000000,17.370031,129.630313731000000,17.155005,129.252063732000000,17.086937,129.106033733000000,16.648891,128.733283734000000,16.525589,128.440633735000000,16.266958,128.335743736000000,16.115749,128.195333737000000,15.788877,128.007373738000000,15.317586,127.45373739000000,15.343518,127.241143740000000,15.137699,127.066353741000000,14.909238,126.829933742000000,14.5952,126.683133743000000,14.285218,126.354523744000000,14.093745,126.178473745000000,13.907662,125.842383746000000,13.542612,125.684583747000000,13.295226,125.265863748000000,13.275477,125.199523749000000,12.867624,124.790523750000000,12.448921,124.552423751000000,12.560176,124.4293752000000,12.105898,123.996543753000000,11.84926,123.74463754000000,11.725081,123.534493755000000,11.656565,123.391813756000000,11.361238,123.266533757000000,10.855231,122.76313758000000,10.670877,122.66843759000000,10.668769,122.444013760000000,10.347081,122.21553761000000,10.236337,121.914953762000000,9.9601965,121.822293763000000,9.5937977,121.548453764000000,9.669445,121.25753765000000,9.3842049,121.166553766000000,9.1143675,120.841913767000000,8.8475285,120.623933768000000,8.5184059,120.376823769000000,8.2662888,119.995833770000000,8.0722122,119.920863771000000,7.9591069,119.718383772000000,7.6183562,119.423633773000000,7.3770142,119.201123774000000,7.2475686,118.997833775000000,6.9463086,118.801033776000000,6.8219638,118.437983777000000,6.515635,118.250153778000000,6.2678161,118.062593779000000,6.1410131,117.744143780000000,6.0096817,117.587493781000000,5.6253667,117.178853782000000,5.540504,116.949343783000000,5.3544621,116.903253784000000,4.9579949,116.549963785000000,4.7825766,116.152563786000000,4.3670688,116.081273787000000,4.2507133,115.913233788000000,4.3428378,115.797743789000000,3.9699664,115.453873790000000,3.6721463,115.111263791000000,3.3136671,114.818393792000000,3.2630138,114.903223793000000,3.23947,114.557583794000000,2.6684883,114.167343795000000,2.5723362,114.13393796000000,2.4726624,113.761083797000000,2.0451407,113.721373798000000,1.8844607,113.356963799000000,1.568137,112.942683800000000,1.489576,112.88193801000000,1.2899481,112.640343802000000,1.4436508,112.709343803000000,0.98550177,112.484233804000000,0.763933,112.168093805000000,0.47814927,111.789893806000000,0.41961026,111.880713807000000,-0.099632546,111.290893808000000,-0.11281966,111.276053809000000,-0.13547949,110.935423810000000,-0.45578963,110.876293811000000,-0.7295441,110.579753812000000,-1.1727476,110.088993813000000,-1.1364214,109.987463814000000,-1.7192574,109.76463815000000,-1.5884461,109.862973816000000,-1.8919349,109.339393817000000,-1.7541261,109.549363818000000,-2.3372657,109.064983819000000,-2.6222203,108.808853820000000,-2.6944873,108.544083821000000,-3.0481703,108.327063822000000,-2.9494343,108.481773823000000,-3.529654,107.814523824000000,-3.5328162,107.819913825000000,-3.5493095,107.623623826000000,-4.1825304,107.13263827000000,-3.9776835,107.308263828000000,-4.4697475,106.789323829000000,-4.5362759,106.689393830000000,-4.6877475,106.312753831000000,-4.8351192,106.290193832000000,-5.0878482,106.152023833000000,-5.341332,105.976693834000000,-5.7552156,105.661173835000000,-5.7556348,105.452363836000000,-6.0903354,105.133573837000000,-6.0632224,105.046393838000000,-6.3130302,104.95163839000000,-6.7244139,104.387553840000000,-6.817678,104.452123841000000,-6.9132519,104.373183842000000,-7.2583389,103.972083843000000,-7.2706108,103.565013844000000,-7.5610228,103.625893845000000,-8.018465,103.1463846000000,-7.973526,103.099663847000000,-8.4141569,102.731163848000000,-8.2603407,102.743453849000000,-8.6143141,102.43843850000000,-9.0360098,102.015823851000000,-9.0654469,101.894173852000000,-9.1945133,101.885713853000000,-9.2853127,101.570383854000000,-9.6910095,101.293933855000000,-9.6929913,101.287193856000000,-10.009741,101.058173857000000,-10.286832,100.721823858000000,-10.408734,100.509153859000000,-10.78339,100.240143860000000,-10.79822,100.146043861000000,-10.908906,99.9251483862000000,-11.145438,99.5802083863000000,-11.487547,99.5132453864000000,-11.583599,99.4302673865000000,-11.587156,99.1713333866000000,-11.821861,99.0414513867000000,-11.984328,98.8288423868000000,-12.398062,98.6781163869000000,-12.865677,98.3734443870000000,-12.51387,98.3339693871000000,-12.8783,97.9911583872000000,-13.053405,97.7920913873000000,-13.362293,97.4152983874000000,-13.653939,97.292323875000000,-13.883094,97.0291443876000000,-13.911708,97.1315923877000000,-14.193495,96.8320393878000000,-14.451262,96.5156333879000000,-14.783704,96.2805253880000000,-14.87222,96.2211383881000000,-15.174435,95.9126363882000000,-15.369705,95.6154563883000000,-15.538021,95.5159613884000000,-15.581186,95.155353885000000,-15.625214,95.1300743886000000,-15.872154,94.8527983887000000,-16.073517,94.7836993888000000,-16.240997,94.5606543889000000,-16.590403,94.2505653890000000,-16.606665,94.1332023891000000,-16.797289,93.9700553892000000,-17.260765,93.609813893000000,-17.255545,93.6440053894000000,-17.414825,93.4765633895000000,-17.584106,93.2869263896000000,-17.715168,93.1326143897000000,-17.869177,92.8510443898000000,-18.291332,92.7310183899000000,-18.227196,92.5000763900000000,-18.199806,92.3647923901000000,-18.719933,91.8782353902000000,-18.777981,91.8429873903000000,-19.290106,91.3669973904000000,-19.295494,91.6234513905000000,-19.727747,91.0545123906000000,-19.615826,91.1471943907000000,-20.106525,90.6291663908000000,-19.985611,90.8139883909000000,-20.126862,90.4033283910000000,-20.405939,90.0718313911000000,-20.76503,90.081653912000000,-20.671818,89.9064873913000000,-20.899153,89.6275863914000000,-21.130674,89.4103093915000000,-21.334991,89.3049013916000000,-21.44949,89.1201553917000000,-21.5501,89.0918123918000000,-21.792629,88.7869573919000000,-22.012716,88.4893343920000000,-22.012127,88.4677513921000000,-22.149399,88.3488313922000000,-22.689837,87.9553833923000000,-22.864681,87.8060153924000000,-22.715687,87.9025273925000000,-23.106287,87.3286443926000000,-23.34409,87.1221773927000000,-23.355343,87.1836013928000000,-23.730656,86.9389723929000000,-23.898619,86.7915273930000000,-23.918777,86.5601273931000000,-24.216745,86.2848593932000000,-24.340763,86.1093143933000000,-24.726795,85.8710253934000000,-25.010168,85.6084823935000000,-25.060219,85.5754853936000000,-25.190109,85.3018423937000000,-25.417969,85.0702363938000000,-25.542969,85.021793939000000,-25.755156,84.7999043940000000,-26.181961,84.4273223941000000,-26.185171,84.3230823942000000,-26.330257,84.0941623943000000,-26.60475,84.0557863944000000,-26.801952,83.6650163945000000,-26.94058,83.4736863946000000,-26.938166,83.5164573947000000,-27.169739,83.1318593948000000,-27.339991,83.0542373949000000,-27.535805,82.9674763950000000,-27.832329,82.6910553951000000,-28.030748,82.479243952000000,-28.062904,82.3505483953000000,-28.146109,82.2851723954000000,-28.26656,82.0736013955000000,-28.292179,82.0143973956000000,-28.62232,81.7643433957000000,-29.172009,81.3420413958000000,-29.266397,81.2514113959000000,-29.23667,81.1614383960000000,-29.273146,80.9991463961000000,-29.404938,80.8459013962000000,-29.739405,80.6332023963000000,-30.063173,80.4977193964000000,-30.221788,80.2677543965000000,-30.277037,80.2100753966000000,-30.440842,79.9354553967000000,-30.620144,79.8045813968000000,-31.081551,79.3463753969000000,-31.053904,79.451213970000000,-31.346006,79.1215823971000000,-31.460388,78.9439773972000000,-31.571505,78.8561633973000000,-31.616781,78.8181613974000000,-31.944912,78.5869833975000000,-32.032955,78.3136143976000000,-32.170071,78.3225253977000000,-32.307838,78.0308153978000000,-32.585022,77.792033979000000,-32.373421,77.9529883980000000,-32.833412,77.4333043981000000,-33.295368,77.2750323982000000,-33.293301,77.0688713983000000,-33.512577,76.8439563984000000,-33.72105,76.796413985000000,-33.69183,76.7132113986000000,-34.034206,76.2883763987000000,-34.353779,76.0873343988000000,-34.557156,75.7729343989000000,-34.654564,75.8872453990000000,-34.757313,75.5572813991000000,-35.041344,75.447963992000000,-35.275276,75.1387253993000000,-35.301647,75.0938343994000000,-35.341068,74.9457863995000000,-35.335125,74.897693996000000,-35.671967,74.6045843997000000,-35.837708,74.3558653998000000,-36.176323,74.1719513999000000,-36.417618,73.9666824000000000,-36.400768,73.915844001000000,-36.514938,73.709774002000000,-36.84547,73.5171664003000000,-36.870701,73.4697274004000000,-37.2719,73.1462174005000000,-37.276714,73.0538414006000000,-37.556126,72.8607184007000000,-37.672707,72.7418214008000000,-38.120754,72.4434434009000000,-38.100815,72.4103624010000000,-38.15686,72.0576934011000000,-38.377529,72.0938424012000000,-38.501953,71.9220284013000000,-38.871689,71.649494014000000,-38.788204,71.5475314015000000,-39.048233,71.4491584016000000,-39.249577,71.1078264017000000,-39.518047,70.9103014018000000,-39.483578,70.9156654019000000,-39.782837,70.5860754020000000,-39.716782,70.6500024021000000,-40.334354,70.1277624022000000,-40.443352,69.9724274023000000,-40.334217,70.133434024000000,-40.255299,69.9427414025000000,-40.796349,69.7190484026000000,-40.651493,69.7486194027000000,-41.035454,69.3464134028000000,-41.097488,69.237744029000000,-41.745728,68.8203964030000000,-41.542587,68.7805944031000000,-41.670792,68.5974884032000000,-41.983444,68.5795294033000000,-41.937042,68.4026264034000000,-41.835747,68.4302984035000000,-42.296444,68.0714264036000000,-42.437279,67.8140794037000000,-42.57008,67.8886874038000000,-43.042145,67.3243874039000000,-43.074001,67.1015324040000000,-43.132191,67.164814041000000,-43.41082,67.1136324042000000,-43.39238,66.9045494043000000,-43.726597,66.6570514044000000,-43.607399,66.7129824045000000,-43.85125,66.4757614046000000,-44.091034,66.1746064047000000,-44.386547,65.9978644048000000,-44.487759,65.9986724049000000,-44.510582,65.7642144050000000,-44.678009,65.7666934051000000,-44.874905,65.5023654052000000,-45.033905,65.3317954053000000,-45.280895,65.0019074054000000,-45.385757,65.0425114055000000,-45.44833,64.8464814056000000,-45.695347,64.532444057000000,-45.89996,64.4186254058000000,-45.845543,64.3414314059000000,-46.191948,64.1435094060000000,-46.271656,63.9465484061000000,-46.415848,63.9924814062000000,-46.644234,63.8124434063000000,-46.920609,63.4470294064000000,-47.032791,63.3317684065000000,-46.970955,63.3715324066000000,-47.257282,63.0405694067000000,-47.291794,62.9963724068000000,-47.554646,62.9061934069000000,-47.627087,62.6707154070000000,-47.820728,62.4844024071000000,-48.149128,62.237194072000000,-48.261204,62.2169654073000000,-48.364155,62.0282144074000000,-48.581234,61.8905914075000000,-48.71241,61.5607264076000000,-48.910965,61.6135794077000000,-48.985657,61.3083994078000000,-49.141144,61.2240264079000000,-49.18214,61.1744354080000000,-49.510113,60.7286614081000000,-49.466797,60.6799284082000000,-49.738758,60.5147744083000000,-49.853668,60.4331054084000000,-49.893169,60.3036384085000000,-50.196079,60.1092454086000000,-50.374435,60.0810284087000000,-50.615383,59.7430234088000000,-50.733227,59.5866584089000000,-50.86927,59.5819894090000000,-51.083988,59.3545574091000000,-51.180717,59.0035674092000000,-51.266735,58.9629754093000000,-51.294102,59.0411874094000000,-51.554234,58.6581424095000000,-51.483707,58.7312554096000000,-51.715473,58.5415734097000000,-52.172546,58.2193724098000000,-52.163788,58.0756234099000000,-52.412685,58.0128564100000000,-52.579346,57.6505974101000000,-52.526066,57.8069194102000000,-52.895916,57.4635014103000000,-53.134586,57.1448554104000000,-52.878468,57.3680384105000000,-53.003345,57.187714106000000,-53.350414,57.0543824107000000,-53.557682,56.8121994108000000,-53.636417,56.7894024109000000,-53.760387,56.6276444110000000,-53.908966,56.5330394111000000,-54.154537,56.1056294112000000,-54.225601,56.1995324113000000,-54.43375,55.9520684114000000,-54.343304,55.8433954115000000,-54.685501,55.5785714116000000,-55.113476,55.1905484117000000,-54.722828,55.4706154118000000,-55.215397,55.1132474119000000,-55.279709,55.1042714120000000,-55.308559,55.0179984121000000,-55.658924,54.7340554122000000,-55.923969,54.4225084123000000,-55.774025,54.6178324124000000,-55.969398,54.2432754125000000,-56.176498,54.0898594126000000,-56.432598,53.7446564127000000,-56.573555,53.7760734128000000,-56.600842,53.5326124129000000,-56.692219,53.537514130000000,-56.828541,53.3777284131000000,-57.13942,53.0257494132000000,-57.233044,52.8836984133000000,-57.437267,52.828514134000000,-57.403111,52.675354135000000,-57.734169,52.4712794136000000,-57.783558,52.4474644137000000,-58.053493,52.3520134138000000,-58.115963,52.1785324139000000,-58.318047,51.9831164140000000,-58.441109,51.752064141000000,-58.700771,51.7039764142000000,-58.78371,51.4183124143000000,-58.891209,51.2986034144000000,-58.896027,51.2048344145000000,-59.284958,51.000954146000000,-59.3619,50.8098984147000000,-59.666885,50.6016734148000000,-59.74852,50.6112484149000000,-59.711849,50.6193084150000000,-59.998051,50.1913684151000000,-60.046665,50.3232884152000000,-60.138744,50.0840914153000000,-60.432606,49.8815424154000000,-60.557598,49.7799684155000000,-60.739857,49.491764156000000,-60.909962,49.2915654157000000,-60.983017,49.3135154158000000,-61.188625,49.0728574159000000,-61.211281,48.6780854160000000,-61.539623,48.7611244161000000,-61.685493,48.6652374162000000,-61.825317,48.3839684163000000,-61.956722,48.252094164000000,-62.114868,47.9920584165000000,-62.217319,47.7717594166000000,-62.458141,47.8887214167000000,-62.395916,48.0037314168000000,-62.604122,47.6507194169000000,-62.702557,47.5164114170000000,-62.976665,47.3102874171000000,-62.993591,47.2013444172000000,-63.152538,47.1334274173000000,-63.493221,46.728214174000000,-63.434216,46.724594175000000,-63.538448,46.702854176000000,-63.906563,46.3117374177000000,-63.909786,46.1081434178000000,-64.10701,46.1607744179000000,-64.234871,45.958794180000000,-64.256218,45.8060764181000000,-64.576881,45.6318634182000000,-64.520729,45.5736014183000000,-64.789307,45.4629294184000000,-64.796753,45.3571364185000000,-65.037621,44.9718674186000000,-65.090797,45.0545164187000000,-65.44577,44.6331374188000000,-65.477173,44.6456574189000000,-65.728172,44.4153824190000000,-65.670967,44.4961094191000000,-66.057846,44.0088884192000000,-65.993309,44.0948144193000000,-66.099678,43.8702244194000000,-66.260582,43.741474195000000,-66.363815,43.6450584196000000,-66.728851,43.5603294197000000,-66.920303,43.0557634198000000,-67.019821,43.1025814199000000,-67.019958,42.9179384200000000,-67.178505,42.8077284201000000,-67.490654,42.489414202000000,-67.417717,42.5588154203000000,-67.643127,42.3840754204000000,-67.649551,42.1869284205000000,-68.028992,41.8098074206000000,-67.895172,41.9271974207000000,-68.185577,41.7323654208000000,-68.286934,41.6090054209000000,-68.523041,41.4498524210000000,-68.637543,41.1401294211000000,-68.628159,41.1521074212000000,-68.724419,40.9840514213000000,-69.116547,40.7626574214000000,-69.355385,40.6391944215000000,-69.471703,40.5364844216000000,-69.439507,40.464844217000000,-69.581505,40.2320484218000000,-69.872513,39.9388394219000000,-69.816948,39.848114220000000,-70.129471,39.6564944221000000,-70.12751,39.6708684222000000,-70.279068,39.4747014223000000,-70.377426,39.2987594224000000,-70.684273,39.1132584225000000,-70.842323,38.8855714226000000,-70.663055,38.7376254227000000,-71.003891,38.6555564228000000,-71.298584,38.310974229000000,-71.086769,38.4974824230000000,-71.445015,38.0818564231000000,-71.396393,38.2419174232000000,-71.920532,37.7825054233000000,-71.907913,37.6992454234000000,-72.084885,37.5067444235000000,-72.114227,37.4525154236000000,-72.443092,37.2881364237000000,-72.500229,37.148564238000000,-72.606712,37.0552754239000000,-72.55191,36.8946154240000000,-72.558502,36.8066794241000000,-72.824036,36.6102184242000000,-73.1269,36.3310594243000000,-73.095329,36.2608114244000000,-73.335045,36.2284094245000000,-73.484558,36.0174564246000000,-73.782822,35.900234247000000,-73.700172,35.7667924248000000,-73.960213,35.4488454249000000,-73.943497,35.3159484250000000,-74.387192,35.0694584251000000,-74.214981,35.2194564252000000,-74.578102,35.0215644253000000,-74.4776,34.8795974254000000,-74.837708,34.6661994255000000,-74.887001,34.4479334256000000,-75.009857,34.3392524257000000,-75.300972,34.0425494258000000,-75.372116,34.076744259000000,-75.47551,33.9867214260000000,-75.648605,33.6181374261000000,-75.847206,33.6219334262000000,-75.981064,33.3662644263000000,-75.871918,33.5117194264000000,-75.867729,33.5429044265000000,-76.181786,33.0925294266000000,-76.265053,32.9590574267000000,-76.484947,32.7121054268000000,-76.641121,32.6633344269000000,-76.753174,32.4789854270000000,-76.835709,32.4562384271000000,-77.03994,32.101654272000000,-77.084877,31.950314273000000,-77.403267,31.9396324274000000,-77.370949,31.7894864275000000,-77.582962,31.5918014276000000,-77.738457,31.3525834277000000,-77.92524,31.0980574278000000,-77.835449,31.1748144279000000,-77.883934,31.1781814280000000,-78.285736,30.8758344281000000,-78.450928,30.567194282000000,-78.524368,30.3572274283000000,-78.637413,30.3112564284000000,-78.738869,30.4260354285000000,-78.832787,30.1359044286000000,-78.857552,29.8926584287000000,-78.972038,29.8685474288000000,-79.244873,29.6470074289000000,-79.481133,29.3731444290000000,-79.541618,29.2838554291000000,-79.605476,29.3168184292000000,-79.875221,29.0096514293000000,-79.780746,28.9194494294000000,-79.98616,28.8640824295000000,-80.258263,28.6402934296000000,-80.197853,28.5500134297000000,-80.471321,28.3986684298000000,-80.408951,28.1795794299000000,-80.730431,28.0173494300000000,-80.753281,27.9794034301000000,-81.107941,27.5980224302000000,-80.952148,27.838324303000000,-81.206207,27.3129924304000000,-81.425095,27.342524305000000,-81.54126,27.0400034306000000,-81.656639,26.8868334307000000,-81.75042,26.722544308000000,-81.756546,26.8245284309000000,-82.11277,26.4709174310000000,-82.110565,26.1826654311000000,-82.171005,26.1764914312000000,-82.446213,26.1463094313000000,-82.549072,25.9790764314000000,-82.847115,25.7697244315000000,-82.822685,25.6092824316000000,-83.117508,25.3877534317000000,-83.071732,25.4215164318000000,-83.184395,25.0948124319000000,-83.278915,24.9413154320000000,-83.417885,24.9100974321000000,-83.625374,24.6525974322000000,-83.668442,24.3690594323000000,-83.498352,24.6621234324000000,-84.07402,24.0979354325000000,-84.010017,24.1344014326000000,-84.136856,23.9502684327000000,-84.204308,23.8080774328000000,-84.45536,23.8073354329000000,-84.598724,23.516634330000000,-84.704193,23.4799844331000000,-84.854019,23.4205884332000000,-85.011055,23.1289634333000000,-84.953842,23.0416684334000000,-85.174904,22.7758374335000000,-85.306305,22.8705184336000000,-85.473122,22.6130964337000000,-85.47905,22.5417444338000000,-85.697243,22.4666774339000000,-86.086929,22.0120394340000000,-85.95533,21.9399834341000000,-86.085892,21.9239814342000000,-86.249161,21.7618434343000000,-86.241203,21.5607974344000000,-86.482101,21.3632414345000000,-86.640999,21.2819654346000000,-86.73584,21.0075954347000000,-86.869293,21.0605494348000000,-87.217766,20.7881244349000000,-86.974731,20.6733074350000000,-87.239647,20.5786844351000000,-87.388535,20.3516144352000000,-87.550262,20.0936514353000000,-87.539139,20.1558074354000000,-87.72155,19.9143224355000000,-87.955666,19.6549744356000000,-87.894737,19.8182914357000000,-88.231377,19.5696374358000000,-88.23159,19.5893214359000000,-88.488625,19.0804084360000000,-88.478455,19.0899314361000000,-88.684784,19.054724362000000,-88.744774,18.9478994363000000,-88.741714,18.9133194364000000,-89.129204,18.6997554365000000,-89.017311,18.5727634366000000,-89.095078,18.3109384367000000,-89.53125,17.9818484368000000,-89.675232,17.9716434369000000,-89.847664,17.7837224370000000,-89.846275,17.6888164371000000,-89.876595,17.5854244372000000,-90.333122,17.3138144373000000,-89.983223,17.4278094374000000,-90.413269,16.9904354375000000,-90.379128,17.2648984376000000,-90.555809,17.0704634377000000,-90.881607,16.6975964378000000,-90.836372,16.6987444379000000,-91.063988,16.5771734380000000,-91.116112,16.5155434381000000,-91.298424,16.1618424382000000,-91.447548,16.1803684383000000,-91.69442,15.850084384000000,-91.539322,16.0504364385000000,-91.855431,15.6783784386000000,-91.890877,15.6585424387000000,-92.075226,15.5119134388000000,-92.163208,15.4657614389000000,-92.487831,15.2469234390000000,-92.662682,14.9466624391000000,-92.554817,14.9620054392000000,-92.958374,14.6834494393000000,-92.771004,14.4019584394000000,-92.856911,14.5608594395000000,-93.073418,14.2672414396000000,-93.127777,13.9818154397000000,-93.36908,14.08414398000000,-93.45755,13.8068264399000000,-93.856026,13.6089284400000000,-93.736404,13.6533684401000000,-93.86969,13.3082574402000000,-94.012939,13.2187824403000000,-94.114479,13.1760934404000000,-94.26123,13.0686694405000000,-94.210091,13.0367374406000000,-94.532898,12.7109894407000000,-94.464546,12.7166034408000000,-94.706345,12.6916174409000000,-95.003334,12.3269544410000000,-94.919884,12.2495634411000000,-95.157631,12.0157564412000000,-95.290993,11.9132614413000000,-95.250175,12.037784414000000,-95.68972,11.8436494415000000,-95.634872,11.6567294416000000,-95.86084,11.4428484417000000,-95.874741,11.429884418000000,-96.056793,11.4600264419000000,-96.252235,11.2189384420000000,-96.411423,11.2372734421000000,-96.469597,11.0224514422000000,-96.641617,10.8657724423000000,-96.806679,10.598044424000000,-96.750465,10.7879384425000000,-96.88813,10.8047614426000000,-96.930832,10.4622494427000000,-97.197662,10.3798294428000000,-97.36525,10.264714429000000,-97.483963,9.89852244430000000,-97.582481,9.8687214431000000,-97.696053,9.68491364432000000,-97.832886,9.63891794433000000,-97.831604,9.64968114434000000,-98.027374,9.33726794435000000,-98.143547,9.49592214436000000,-98.171234,9.16112714437000000,-98.478104,9.08338074438000000,-98.678368,8.88204484439000000,-98.465637,8.97021014440000000,-98.923302,8.68731214441000000,-98.824738,8.72778514442000000,-99.032768,8.43833644443000000,-99.02346,8.56851014444000000,-99.292732,8.24949744445000000,-99.631844,7.93086484446000000,-99.575714,7.96061994447000000,-99.704918,7.66529514448000000,-99.872391,7.53804114449000000,-100.04363,7.39748194450000000,-100.0106,7.44159034451000000,-100.11288,7.28823524452000000,-100.35768,7.00496774453000000,-100.18457,7.01921034454000000,-100.44645,6.83701324455000000,-100.52649,6.61244394456000000,-100.72115,6.60770894457000000,-100.87714,6.46199944458000000,-100.85683,6.35477734459000000,-101.13657,6.11863234460000000,-101.31126,6.00639014461000000,-101.31254,6.00382474462000000,-101.21916,6.0722784463000000,-101.58268,5.78499464464000000,-101.74852,5.78450254465000000,-101.98336,5.43685534466000000,-102.01875,5.32251074467000000,-102.21319,5.26855044468000000,-102.28873,5.42105254469000000,-102.36366,5.3184814470000000,-102.44743,5.0535554471000000,-102.76542,4.96301134472000000,-102.61765,4.84640224473000000,-102.9835,4.64725734474000000,-103.01612,4.49098164475000000,-103.34388,4.35205084476000000,-103.28147,4.27459864477000000,-103.32291,4.3999514478000000,-103.59805,4.11544284479000000,-103.5348,4.19628624480000000,-103.77672,3.84347944481000000,-103.80305,3.81172494482000000,-103.99879,3.53524974483000000,-104.10477,3.60645874484000000,-104.20947,3.41545444485000000,-104.42068,3.13909364486000000,-104.52933,2.96855714487000000,-104.64011,3.12729174488000000,-104.6029,2.95159914489000000,-104.88196,2.6730124490000000,-104.91106,2.52791124491000000,-105.03422,2.28061464492000000,-105.24411,2.30436044493000000,-105.31712,2.15297564494000000,-105.49017,1.93448654495000000,-105.68084,1.80475184496000000,-105.60862,1.64285244497000000,-105.82619,1.56478684498000000,-106.0918,1.21628284499000000,-105.93393,1.23397784500000000,-106.05157,1.2934894501000000,-106.38042,1.05936194502000000,-106.53759,0.967111714503000000,-106.52879,0.85807494504000000,-106.62579,1.05136864505000000,-106.77845,0.860864044506000000,-106.98482,0.692755884507000000,-107.13183,0.584502824508000000,-107.09435,0.514274844509000000,-107.3109,0.472605714510000000,-107.48408,0.4176894511000000,-107.61747,0.185351954512000000,-107.62122,0.154193684513000000,-107.83792,0.271605674514000000,-108.19554,-0.328279114515000000,-107.87943,-0.260652544516000000,-108.13602,-0.325420744517000000,-108.20061,-0.428736034518000000,-108.36703,-0.482624684519000000,-108.57063,-0.739562934520000000,-108.74183,-0.843893414521000000,-108.7719,-0.999018674522000000,-108.98788,-1.09012334523000000,-109.2368,-1.2649424524000000,-109.23592,-1.41724244525000000,-109.3886,-1.68662894526000000,-109.51791,-1.48220694527000000,-109.49847,-1.78036174528000000,-109.54076,-1.69290464529000000,-109.69642,-1.72395354530000000,-109.79756,-2.07943774531000000,-109.89291,-2.16095454532000000,-109.85181,-2.10574054533000000,-110.38057,-2.34598544534000000,-110.27757,-2.22471744535000000,-110.49537,-2.7549464536000000,-110.67057,-2.86161544537000000,-110.75196,-2.94897174538000000,-110.7312,-3.11607074539000000,-110.85686,-3.14332394540000000,-110.96588,-3.082334541000000,-111.41869,-3.62072014542000000,-111.31879,-3.70622924543000000,-111.34545,-3.40341834544000000,-111.53315,-3.54148464545000000,-111.60396,-3.77199464546000000,-111.88128,-3.90271094547000000,-112.06709,-4.31732374548000000,-112.10072,-4.22956374549000000,-112.4836,-4.22703554550000000,-112.29492,-4.2939114551000000,-112.53302,-4.35686494552000000,-112.56857,-4.6307344553000000,-112.7519,-4.61651524554000000,-112.80273,-4.59902294555000000,-113.17316,-4.86540994556000000,-113.15251,-4.73460394557000000,-113.23753,-4.9339084558000000,-113.43223,-5.11973954559000000,-113.71279,-5.38530544560000000,-113.73241,-5.30742264561000000,-113.88042,-5.59856614562000000,-113.88757,-5.58358814563000000,-114.06866,-5.68025494564000000,-114.10543,-5.38801194565000000,-114.40099,-5.96782114566000000,-114.44589,-6.10579164567000000,-114.47095,-5.97627314568000000,-114.62503,-6.1312164569000000,-114.75331,-6.41868594570000000,-115.15305,-6.66793014571000000,-115.16335,-6.57816364572000000,-115.2417,-6.7485284573000000,-115.20132,-6.78377344574000000,-115.51334,-7.13259224575000000,-115.54372,-6.92276674576000000,-115.79646,-7.28212834577000000,-115.74268,-7.22918754578000000,-115.94003,-7.42968944579000000,-116.13911,-7.4664544580000000,-116.25536,-7.49025014581000000,-116.2809,-7.49853284582000000,-116.325,-7.751764583000000,-116.75624,-7.87040044584000000,-116.7282,-7.96785784585000000,-116.93549,-8.10410884586000000,-116.73891,-8.06172944587000000,-117.07243,-8.19037534588000000,-117.23423,-8.42522054589000000,-117.41404,-8.60477924590000000,-117.54118,-8.52137094591000000,-117.62736,-8.57737834592000000,-117.60112,-8.48817544593000000,-118.00736,-8.64900214594000000,-117.89902,-8.8744654595000000,-118.14427,-9.04546264596000000,-118.32645,-9.09876164597000000,-118.4285,-9.13682464598000000,-118.55853,-9.40497594599000000,-118.62835,-9.57434564600000000,-118.70675,-9.44828614601000000,-118.82993,-9.54985434602000000,-118.88528,-9.56425764603000000,-119.06429,-9.828684604000000,-119.17485,-9.91486644605000000,-119.46603,-10.0119774606000000,-119.44989,-9.99889374607000000,-119.54337,-10.4148094608000000,-119.79644,-10.4763444609000000,-119.88338,-10.4188594610000000,-120.0741,-10.5838654611000000,-120.0658,-10.4974134612000000,-120.35363,-10.7658174613000000,-120.31693,-10.9902864614000000,-120.72033,-11.0076644615000000,-120.68131,-11.11654616000000,-120.8949,-11.3297464617000000,-121.119,-11.2862764618000000,-121.02506,-11.4669824619000000,-121.05136,-11.2565214620000000,-121.28678,-11.6301974621000000,-121.50337,-11.7637394622000000,-121.4965,-11.788924623000000,-121.70769,-11.8828334624000000,-121.71418,-11.8697214625000000,-121.90914,-12.0470374626000000,-122.23843,-11.9863154627000000,-122.32758,-12.2491974628000000,-122.41502,-12.1488244629000000,-122.59369,-12.3403544630000000,-122.73956,-12.456344631000000,-122.84122,-12.5579884632000000,-122.93065,-12.7632534633000000,-123.05746,-12.7700444634000000,-123.14538,-12.9269184635000000,-123.41968,-13.2088474636000000,-123.62228,-13.38824637000000,-123.65408,-13.0572094638000000,-123.63066,-13.0338694639000000,-123.87981,-13.5116864640000000,-123.87063,-13.2301414641000000,-123.97417,-13.5233224642000000,-124.18321,-13.6067274643000000,-124.27448,-13.6655144644000000,-124.35776,-13.9076084645000000,-124.56535,-13.9151894646000000,-124.6391,-13.9286384647000000,-124.86549,-14.0884244648000000,-124.98283,-14.1658124649000000,-125.15546,-14.3172454650000000,-125.12155,-14.3176954651000000,-125.17744,-14.1242754652000000,-125.19072,-14.4909114653000000,-125.627,-14.5514994654000000,-125.66802,-14.8046184655000000,-125.56722,-14.7735644656000000,-126.03132,-14.9728574657000000,-125.98388,-15.039054658000000,-126.06718,-15.0114554659000000,-126.36945,-14.949924660000000,-126.39705,-15.2237084661000000,-126.31006,-14.9261974662000000,-126.62622,-15.3028914663000000,-126.83507,-15.5893064664000000,-126.96158,-15.4358114665000000,-126.96232,-15.5211684666000000,-127.22784,-15.7994674667000000,-127.15495,-15.8031284668000000,-127.34921,-15.6658864669000000,-127.59525,-16.0792374670000000,-127.68758,-16.2354244671000000,-127.77409,-16.1556434672000000,-127.87596,-16.3263494673000000,-128.03319,-16.375794674000000,-128.24136,-16.2567464675000000,-128.29811,-16.5481434676000000,-128.32549,-16.4319134677000000,-128.56932,-16.7324874678000000,-128.79459,-16.7683564679000000,-128.72865,-16.9049054680000000,-128.74768,-17.0039224681000000,-129.01616,-16.9967754682000000,-128.99498,-16.9913584683000000,-129.30927,-17.3087564684000000,-129.35083,-17.5091294685000000,-129.50146,-17.414244686000000,-129.45341,-17.4864184687000000,-129.82275,-17.5403234688000000,-129.98141,-17.4202944689000000,-130.16154,-17.5782054690000000,-130.0518,-17.5578124691000000,-130.24985,-17.8273184692000000,-130.52811,-17.9061784693000000,-130.34705,-18.1015454694000000,-130.55183,-17.7488614695000000,-130.54837,-18.0635494696000000,-131.06198,-18.3719274697000000,-131.01456,-18.2509424698000000,-131.09523,-17.9917664699000000,-131.13264,-18.2467524700000000,-131.39597,-18.3965764701000000,-131.47209,-18.4145974702000000,-131.47638,-18.3599684703000000,-131.58699,-18.5467244704000000,-131.70866,-18.569374705000000,-131.64278,-18.6269384706000000,-132.06534,-18.5634484707000000,-132.04382,-19.0857184708000000,-132.09245,-18.5931634709000000,-132.38211,-18.9301224710000000,-132.41232,-19.3041784711000000,-132.68996,-19.3326234712000000,-132.65373,-19.1478024713000000,-132.99023,-19.2901214714000000,-133.00606,-19.3422474715000000,-132.95757,-19.1375224716000000,-133.13849,-19.5533834717000000,-133.26068,-19.5883814718000000,-133.48523,-19.621844719000000,-133.80417,-19.798254720000000,-133.71169,-19.910444721000000,-133.89792,-19.9121824722000000,-134.06323,-19.9816954723000000,-133.98436,-20.0690694724000000,-134.1012,-20.4198974725000000,-134.35391,-20.1622244726000000,-134.37025,-20.1873234727000000,-134.41876,-20.2267254728000000,-134.52728,-20.402514729000000,-134.99228,-20.8297414730000000,-134.96175,-20.5599444731000000,-134.89066,-20.3971544732000000,-135.28763,-20.5100064733000000,-135.29498,-20.6734494734000000,-135.29781,-20.7268754735000000,-135.48871,-20.6128624736000000,-135.50905,-20.8846724737000000,-135.68849,-21.1292514738000000,-135.95497,-21.0439344739000000,-135.8284,-21.1384534740000000,-136.10312,-20.9734974741000000,-136.27388,-21.352164742000000,-136.27147,-21.3720934743000000,-136.61586,-21.4925884744000000,-136.54706,-21.1622754745000000,-136.74516,-21.2898484746000000,-136.80211,-21.637554747000000,-137.0567,-22.0126064748000000,-137.3289,-21.73274749000000,-137.35695,-21.8385264750000000,-137.46082,-21.9223824751000000,-137.49144,-21.9091854752000000,-137.6991,-22.0234954753000000,-137.80066,-22.532644754000000,-137.9648,-21.9858424755000000,-138.13698,-22.5648754756000000,-138.11601,-22.4539454757000000,-138.29663,-22.9184194758000000,-138.44481,-22.8711684759000000,-138.25854,-22.490944760000000,-138.60744,-22.9334054761000000,-138.76086,-22.9557764762000000,-138.98077,-23.0817764763000000,-139.16562,-23.0676444764000000,-138.88615,-22.9986784765000000,-139.21092,-23.0273364766000000,-139.14893,-22.9292164767000000,-139.57758,-23.2628524768000000,-139.68115,-23.5328374769000000,-139.58337,-23.4942994770000000,-139.85541,-23.3921474771000000,-139.99846,-23.6278574772000000,-140.21883,-23.4614624773000000,-140.30679,-23.6612454774000000,-140.21774,-23.5935864775000000,-140.40707,-23.7990954776000000,-140.63515,-23.7702984777000000,-140.76889,-23.6569214778000000,-140.85739,-23.9876124779000000,-141.13239,-24.1252334780000000,-141.17772,-24.3394624781000000,-141.40831,-24.261814782000000,-141.31137,-24.107634783000000,-141.44542,-24.6498584784000000,-141.76051,-24.2936744785000000,-141.64348,-24.3727464786000000,-141.80957,-24.7490254787000000,-141.8808,-24.3627384788000000,-142.1895,-24.753454789000000,-142.26335,-24.8033264790000000,-142.27525,-25.0429174791000000,-142.56264,-24.6507434792000000,-142.53502,-24.8374614793000000,-142.72034,-24.9420244794000000,-142.71585,-24.9948774795000000,-143.03351,-24.9092794796000000,-143.41144,-25.283014797000000,-143.24495,-25.4216084798000000,-143.3367,-25.2309444799000000,-143.6409,-25.6941454800000000,-143.54547,-25.3138754801000000,-143.99425,-24.9994494802000000,-143.93431,-25.5718144803000000,-144.03333,-25.7839534804000000,-144.23419,-25.7799874805000000,-144.20392,-25.7200624806000000,-144.5336,-25.7328474807000000,-144.63649,-25.8728054808000000,-144.61749,-26.1249714809000000,-144.80785,-26.1134894810000000,-144.92418,-25.8584734811000000,-145.07838,-26.3002494812000000,-145.08376,-26.0997054813000000,-145.1575,-26.1489474814000000,-145.37495,-26.3020424815000000,-145.44069,-26.5119824816000000,-145.69371,-26.5236054817000000,-145.67294,-26.2816144818000000,-145.70181,-26.4011024819000000,-146.21742,-26.5467474820000000,-145.85892,-26.4747874821000000,-146.04948,-26.6849994822000000,-146.12965,-26.3970344823000000,-146.38643,-26.7623624824000000,-146.63855,-26.8961244825000000,-146.93849,-26.9079954826000000,-146.8396,-27.2135734827000000,-147.01241,-27.0954154828000000,-147.01703,-27.2078344829000000,-147.47212,-27.3748474830000000,-147.17218,-27.0521324831000000,-147.30501,-26.8481774832000000,-147.59422,-27.3366974833000000,-147.6282,-27.7663544834000000,-147.82167,-27.7438014835000000,-148.03113,-27.5352274836000000,-148.02412,-27.6286034837000000,-148.28944,-27.6776164838000000,-148.35616,-27.6969364839000000,-148.47272,-27.6433664840000000,-148.63576,-27.6065864841000000,-148.62993,-27.9855334842000000,-148.83784,-28.014454843000000,-149.15875,-28.0628454844000000,-148.95523,-27.9826854845000000,-149.02205,-28.1896384846000000,-149.24831,-27.9200614847000000,-149.42616,-28.0126724848000000,-149.51505,-27.967314849000000,-149.54134,-28.3219414850000000,-149.79288,-28.2298224851000000,-149.76091,-28.4898994852000000,-149.99265,-28.7217794853000000,-150.10951,-28.8871784854000000,-150.40158,-28.7269634855000000,-150.13229,-28.4245434856000000,-150.2493,-28.4980744857000000,-150.57515,-28.7796524858000000,-150.42102,-28.6690644859000000,-150.88393,-29.1067434860000000,-151.09718,-29.1344874861000000,-150.93819,-28.8743824862000000,-151.04578,-28.8612384863000000,-151.22969,-28.8596924864000000,-151.49115,-29.2481924865000000,-151.52087,-29.2505324866000000,-151.75896,-29.0868664867000000,-151.78908,-29.3896224868000000,-151.60742,-29.3805964869000000,-152.09058,-29.1817344870000000,-151.94504,-29.2642594871000000,-152.25148,-29.2681854872000000,-152.05324,-29.4492634873000000,-152.38692,-29.3468174874000000,-152.53796,-29.2421054875000000,-152.72276,-29.7094614876000000,-152.70706,-29.6423074877000000,-152.98286,-29.4216794878000000,-152.93611,-29.5860484879000000,-153.06934,-29.4445194880000000,-153.13864,-29.6623574881000000,-153.36264,-29.7899384882000000,-153.40176,-29.9847054883000000,-153.69595,-30.1606544884000000,-153.76622,-29.6960684885000000,-153.53014,-30.1934934886000000,-153.77454,-30.0805494887000000,-153.99947,-30.0457364888000000,-154.10057,-30.3660344889000000,-154.1349,-30.1283514890000000,-154.3222,-30.4610464891000000,-154.27238,-30.2173044892000000,-154.52356,-30.3298244893000000,-154.7435,-30.3835984894000000,-154.84695,-30.3101294895000000,-154.94333,-30.2599934896000000,-154.89008,-30.6155974897000000,-155.14609,-30.3680024898000000,-155.25368,-30.5463794899000000,-155.27826,-30.4235694900000000,-155.37187,-30.6793994901000000,-155.62703,-30.3744354902000000,-155.50287,-30.5311474903000000,-155.82518,-30.6690434904000000,-156.05351,-30.6032374905000000,-156.22668,-30.7123584906000000,-156.16042,-30.6162074907000000,-156.37308,-30.9698814908000000,-156.39139,-31.0301954909000000,-156.41011,-30.4524910000000,-156.33086,-30.7964864911000000,-156.71706,-30.8246144912000000,-156.85158,-31.1947444913000000,-157.03955,-30.864464914000000,-157.03239,-30.9091824915000000,-157.34518,-30.5516664916000000,-157.53824,-31.1238354917000000,-157.50377,-30.6257464918000000,-157.53542,-31.0974224919000000,-157.57536,-30.859154920000000,-157.81219,-30.8226834921000000,-157.72447,-30.8640064922000000,-158.08684,-31.0962374923000000,-158.10004,-31.0458034924000000,-158.25862,-30.9761374925000000,-158.1382,-30.7747254926000000,-158.4436,-30.8683744927000000,-158.64262,-31.2524784928000000,-158.82523,-31.558214929000000,-158.63287,-31.4096014930000000,-158.86043,-31.1830314931000000,-158.92107,-31.2147244932000000,-159.05219,-31.4381694933000000,-159.24637,-31.475664934000000,-159.38388,-31.3900264935000000,-159.65533,-31.6941344936000000,-159.4436,-31.1508984937000000,-159.67113,-31.4591414938000000,-159.8665,-31.4596164939000000,-159.95732,-31.3840774940000000,-160.20256,-31.4604934941000000,-160.25743,-31.2306694942000000,-160.28951,-31.4667914943000000,-160.35478,-31.2641124944000000,-160.57072,-31.46624945000000,-160.48793,-31.540434946000000,-160.82616,-31.3841384947000000,-160.62418,-30.9741844948000000,-161.09503,-31.1805044949000000,-161.44337,-31.7200644950000000,-161.09235,-31.7724634951000000,-161.40009,-31.4892964952000000,-161.5441,-32.2565994953000000,-161.6671,-31.2420964954000000,-161.6586,-31.6283664955000000,-161.86197,-31.234774956000000,-162.21748,-32.0309564957000000,-162.13577,-32.0302244958000000,-162.19965,-31.6743344959000000,-162.46091,-31.7037754960000000,-162.61028,-31.7926394961000000,-162.47374,-31.5333444962000000,-162.57619,-32.1549724963000000,-162.879,-31.9003814964000000,-162.74454,-31.4633434965000000,-162.98163,-31.8793534966000000,-163.03549,-31.8316084967000000,-163.46979,-31.7466644968000000,-163.20352,-31.6144434969000000,-163.26952,-31.9345634970000000,-163.43048,-31.4676994971000000,-163.54457,-31.8413014972000000,-163.79071,-31.8857994973000000,-163.86395,-31.8314044974000000,-164.01413,-31.6200374975000000,-164.09306,-31.8456274976000000,-164.2771,-31.6057514977000000,-164.4321,-31.1908114978000000,-164.56009,-31.6860774979000000,-164.53152,-31.7216194980000000,-164.43004,-31.9667034981000000,-164.7458,-31.9472064982000000,-164.66032,-31.2336944983000000,-165.1067,-31.9936034984000000,-165.21158,-31.383894985000000,-165.23639,-31.6775534986000000,-165.28474,-31.3408364987000000,-165.57411,-31.5389254988000000,-165.59076,-31.8756124989000000,-166.02434,-31.6267914990000000,-165.96967,-31.2760034991000000,-165.65918,-31.2990554992000000,-166.13753,-31.2497864993000000,-166.2411,-31.5105694994000000,-166.13849,-30.9480764995000000,-166.50192,-31.2295484996000000,-166.65459,-31.5381914997000000,-166.78421,-31.1435974998000000,-166.85913,-31.9297074999000000,-167.15343,-31.5365495000000000,-167.01579,-31.724371